-624 -549 723 4
-649 -184 -393 3
-519 -545 580 1
-241 -523 488 1
-193 -442 617 1
-733 -81 -473 3
-712 -400 -408 3
-731 -196 -794 3
-278 -537 572 1
-338 -314 698 4
130 -3 -382 2
328 -47 -446 2
130 -59 -258 2
-493 -306 864 4
144 -4 -318 2
-401 -603 783 4
-500 -419 683 1
-469 -458 -679 3
180 115 -586 2
-355 -284 -791 3
-699 -147 -393 3
-640 -572 648 1
-307 -141 -733 3
502 -69 -586 2
422 257 -531 2
-447 -213 -333 3
-320 -418 724 4
182 -28 -301 2
424 -140 -556 2
-465 -732 871 4
180 10 -385 2
-501 -360 603 1
-732 -52 -430 3
412 191 -224 2
-266 -312 609 1
-476 -390 671 1
562 -158 -531 2
-296 -487 467 1
398 252 -306 2
144 241 -569 2
204 162 -388 2
440 269 -168 2
485 34 -383 2
-311 -392 -531 3
418 281 -393 2
-436 -392 -779 3
-216 -538 635 1
-239 -708 763 4
-278 -379 -624 3
-434 -358 535 1
-506 -448 513 1
-445 -360 613 1
-582 -119 -516 3
203 226 -216 2
-439 -599 527 1
-641 -222 -751 3
-588 -260 -553 3
-284 -438 790 4
550 146 -504 2
-326 -157 -428 3
-649 -442 -553 3
-505 -351 898 4
184 -62 -271 2
-422 -482 682 4
520 241 -279 2
264 25 -565 2
-624 -410 -735 3
-296 -380 -781 3
-563 -452 712 4
526 -65 -476 2
-552 -321 -469 3
424 -33 -469 2
-336 -430 -773 3
-326 -432 735 4
-383 -339 -442 3
-721 -392 -790 3
590 455 405 0
310 41 -456 2
-581 -361 765 4
-338 -109 -765 3
393 216 -519 2
524 -28 -472 2
-648 -691 659 1
405 105 -204 2
501 -17 -238 2
366 -38 -366 2
-413 -625 479 1
-284 -633 833 4
-444 -728 824 4
-707 -482 -512 3
447 -119 -240 2
-332 -490 454 1
-269 -290 696 4
456 87 -483 2
412 -11 -539 2
-437 -368 637 1
-338 -420 882 4
-143 -404 -527 3
-496 -76 -690 3
-614 -346 445 1
196 160 -602 2
-437 -381 830 4
-336 -714 547 1
-546 -375 485 1
-232 -633 788 4
-558 -477 610 1
-461 -305 -571 3
606 692 406 0
-363 -456 776 4
-630 -288 -595 3
229 150 -334 2
-452 -498 -338 3
292 197 -404 2
-462 -314 652 1
488 -136 -250 2
-604 -94 -614 3
280 -29 -607 2
-485 -248 -758 3
-318 -180 -478 3
-534 -735 706 4
-474 -303 -604 3
-302 -250 -386 3
-280 317 498 0
-730 -246 -798 3
169 260 -389 2
-209 -549 616 1
-635 -654 862 4
-418 -339 -636 3
-340 -363 783 4
123 259 -248 2
526 -101 -232 2
-399 -156 -649 3
251 27 -492 2
213 -22 -500 2
323 -41 -326 2
-529 -394 -597 3
-690 -112 -412 3
-194 -659 445 1
-548 -339 581 1
-576 -655 804 4
-492 -173 -789 3
313 61 -485 2
-680 -54 -346 3
-587 -316 733 4
-347 -129 -638 3
-290 -109 -502 3
-316 -659 858 4
-398 -169 -488 3
-652 -557 770 4
315 17 -500 2
558 173 -455 2
393 -106 -438 2
-240 -672 896 4
122 300 -293 2
156 -56 -389 2
-324 -483 -522 3
-301 -475 -458 3
-409 -529 774 4
-377 -464 -722 3
366 186 -410 2
-447 -178 -596 3
537 -61 -230 2
-548 -302 654 1
-701 -393 -607 3
-507 -399 -426 3
-233 -296 684 4
538 -9 -330 2
-416 -561 842 4
268 290 -220 2
-472 -434 618 1
-241 -529 516 1
562 9 -295 2
-617 -215 -741 3
-572 -279 -525 3
-201 -503 868 4
-376 -276 -427 3
-521 -502 726 4
526 61 -356 2
-400 -359 643 1
284 71 -579 2
-242 -653 805 4
-578 -253 -767 3
-384 -411 713 4
-471 -351 -791 3
-475 -457 616 1
199 190 -338 2
-377 -379 674 4
130 -62 -547 2
-545 -477 743 4
212 114 -496 2
-305 -460 -558 3
-565 -583 496 1
-564 -254 -431 3
-306 -230 -764 3
421 48 -497 2
373 208 -582 2
-320 -452 699 4
-626 -467 684 1
-601 -585 473 1
135 -57 -282 2
237 98 -172 2
-578 -376 569 1
-450 -131 -543 3
-569 -483 729 4
-527 -344 -474 3
290 -698 -98 2
-470 -224 -423 3
-493 -196 -750 3
-721 -274 -384 3
-300 -63 -602 3
-601 -312 -603 3
-607 -472 -495 3
-652 -381 868 4
-331 -678 605 1
-574 -356 -531 3
-284 -280 448 1
-517 -489 582 1
597 -472 -551 2
264 175 -619 2
312 197 -310 2
-450 -380 818 4
479 132 -407 2
-481 -702 760 4
-717 -390 -445 3
-300 -485 612 1
-515 -401 -638 3
-554 -313 596 1
265 21 -338 2
-694 -116 -730 3
-513 335 557 0
371 -113 -193 2
162 144 -488 2
246 177 -272 2
477 -108 -181 2
362 -55 -456 2
-413 -330 798 4
478 283 -273 2
235 -9 -245 2
-598 -208 -754 3
274 -17 -166 2
268 -106 -239 2
289 178 -404 2
-653 -232 -395 3
365 201 -468 2
-527 -312 -394 3
453 169 -241 2
485 53 -290 2
246 288 -247 2
-591 -334 -796 3
-550 -385 -440 3
286 -3 -603 2
-461 -491 -794 3
-283 -131 -677 3
-306 -466 -541 3
-457 -511 560 1
404 -155 -477 2
-392 -319 -574 3
-424 -505 722 4
-324 -472 -643 3
-352 -669 578 1
-294 -546 796 4
-229 -328 -634 3
481 188 -233 2
193 291 -368 2
-352 -92 -520 3
-508 -356 -629 3
288 -16 -218 2
-596 -217 -693 3
-453 -281 -671 3
-449 -302 879 4
-270 -601 548 1
-617 -676 471 1
-551 -285 -358 3
165 -117 -182 2
-506 -230 -334 3
151 -41 -558 2
-456 -116 -735 3
-215 -650 536 1
-742 -337 -616 3
-485 -400 -791 3
253 93 -356 2
-430 -649 736 4
-543 -464 -462 3
-534 -137 -560 3
410 57 -461 2
300 113 -382 2
-390 -370 -730 3
-445 -655 687 4
-513 -405 787 4
-632 -703 792 4
-477 -47 -371 3
418 -64 -416 2
-590 -338 -509 3
489 208 -579 2
-363 -184 -623 3
-305 -328 -507 3
-578 -264 -678 3
-500 -388 -461 3
-498 -460 909 4
-504 -410 604 1
342 146 -611 2
-620 -736 757 4
-494 -509 478 1
-68 654 384 0
-138 -22 177 0
-517 -140 -375 3
-541 -80 -728 3
310 -128 -433 2
322 182 -405 2
149 297 -201 2
-339 -464 -350 3
-469 -425 766 4
-622 -583 821 4
465 -132 -493 2
517 -106 -419 2
30 418 561 0
231 -28 -542 2
112 106 -574 2
166 294 -296 2
227 282 -413 2
-585 -575 775 4
-351 -685 540 1
-621 -316 805 4
-531 -474 557 1
314 192 -585 2
-560 -369 780 4
-547 -689 724 4
-571 -266 -715 3
-542 -306 -490 3
-420 -308 646 1
-344 -403 -527 3
-210 -446 860 4
379 236 -403 2
-279 -475 -625 3
-483 -383 -583 3
-357 -275 -480 3
-581 -505 -642 3
-207 -735 718 4
382 -71 -442 2
233 198 -384 2
338 265 -271 2
534 -119 -271 2
183 271 -605 2
529 220 -595 2
-448 -397 630 1
-279 -245 -476 3
506 194 -217 2
-308 -597 492 1
-348 -165 -542 3
-322 -529 869 4
-354 -398 574 1
369 -54 -473 2
308 71 -536 2
128 -84 -524 2
-553 -698 567 1
-731 -60 -366 3
-620 -274 842 4
-388 -374 -703 3
427 29 -422 2
311 202 -455 2
545 296 -628 2
209 -137 -198 2
445 81 -555 2
431 163 -278 2
-337 -354 724 4
261 -75 -197 2
-321 -419 -582 3
-436 -463 641 1
-370 -409 746 4
-335 -650 813 4
-550 -475 551 1
129 91 -258 2
-386 -113 -499 3
-282 -334 875 4
-617 -555 734 4
-289 -265 -405 3
-579 -195 -410 3
-311 -591 636 1
-619 -565 466 1
394 615 -94 2
-530 -231 -380 3
-670 323 -60 0
365 198 -391 2
418 168 -624 2
-303 -75 -709 3
-403 -425 624 1
-446 -620 773 4
-315 -175 -778 3
117 -56 -503 2
-640 -495 477 1
-169 -489 -167 3
-266 -607 740 4
135 -145 -469 2
361 107 -336 2
53 454 223 0
465 151 -565 2
-579 -97 -451 3
-455 -295 665 1
283 -111 -382 2
-736 -124 -407 3
228 498 639 0
-420 -377 898 4
-593 -81 -447 3
-538 -414 472 1
-725 -139 -654 3
210 -118 -444 2
-453 -367 808 4
-388 -96 -662 3
-207 -731 758 4
-555 -738 733 4
-525 -481 751 4
-669 -310 -746 3
505 -83 -283 2
-682 -394 -412 3
220 92 -491 2
-286 -424 -585 3
165 -159 -166 2
-371 -426 660 1
-307 -739 813 4
-473 -426 658 1
-282 -370 620 1
315 61 -299 2
401 4 -455 2
-677 -404 -680 3
490 14 -580 2
-573 -493 -355 3
-631 -646 500 1
284 -128 -512 2
-422 -373 -543 3
-662 -324 -766 3
-710 -149 -652 3
-359 -562 552 1
-367 -66 -495 3
-364 -467 -773 3
-682 -457 -503 3
513 17 -437 2
319 45 -580 2
-405 -53 -419 3
190 -82 -253 2
-366 255 681 0
213 186 -276 2
385 56 -343 2
-532 -293 -515 3
-609 -504 594 1
237 -109 -359 2
-222 -610 777 4
178 48 -324 2
-335 -255 -527 3
-668 -439 -409 3
-476 -489 -629 3
-567 -500 675 1
360 -122 -396 2
-578 -336 605 1
-554 -364 761 4
-224 -317 825 4
-458 -208 62 1
461 134 -318 2
-322 -527 792 4
380 45 -594 2
117 -27 -374 2
375 193 -503 2
-434 -447 -521 3
-502 -126 -664 3
303 159 -475 2
-286 -505 741 4
-192 -596 460 1
-330 -670 757 4
-294 -153 -796 3
328 -115 -195 2
-408 -415 -387 3
-223 -373 632 1
258 229 -211 2
-348 -448 -796 3
515 216 -181 2
-213 -660 452 1
-717 -58 -499 3
-358 -112 -494 3
184 -105 -546 2
179 263 -491 2
-270 -535 779 4
-742 -98 -475 3
406 243 -491 2
-547 -247 -372 3
-467 -98 -793 3
140 -31 -391 2
-477 -343 -467 3
-453 -497 -646 3
119 -42 -342 2
-207 -648 533 1
-417 -414 869 4
373 -127 -513 2
-682 -304 -382 3
-592 -617 696 4
-207 -387 895 4
-270 -602 795 4
218 12 -553 2
323 -21 -597 2
380 103 -312 2
-461 -291 -734 3
288 262 -467 2
-251 -621 497 1
536 -105 -503 2
-395 -462 -651 3
459 -134 -520 2
123 191 -170 2
-283 -177 -578 3
-399 -717 773 4
-476 -305 -543 3
-393 -364 -352 3
-508 -459 -679 3
355 67 -450 2
-485 -389 857 4
527 -59 -402 2
170 -526 -16 2
-479 -332 777 4
-575 -452 -377 3
-260 -466 790 4
-221 -364 854 4
509 254 -388 2
405 215 -532 2
459 153 -323 2
-526 -465 533 1
-711 -144 -474 3
-350 -405 -364 3
-224 -573 536 1
-438 -410 -533 3
-358 -437 573 1
-275 -582 585 1
-379 -298 632 1
187 277 -492 2
122 217 -529 2
-663 -49 -686 3
-599 -618 785 4
-197 -424 641 4
325 25 -359 2
-431 -384 500 1
386 259 -476 2
502 65 -194 2
385 307 -563 2
391 92 -610 2
-486 -469 605 1
-516 -472 482 1
407 38 -528 2
-595 -374 -355 3
-354 -355 754 4
-402 -368 -617 3
-478 -560 546 1
-337 -380 -710 3
-582 -692 593 1
-536 -326 587 1
-576 -600 528 1
-463 -592 541 1
-480 -551 477 1
-597 -291 -658 3
-336 -391 465 1
-380 -132 -527 3
-34 312 496 0
262 150 -425 2
48 -472 -398 3
-388 -328 -369 3
242 71 -254 2
-520 -342 -662 3
-353 -434 780 4
502 52 -295 2
-385 -386 845 4
285 234 -385 2
-401 -670 767 4
-357 -246 -449 3
176 132 -344 2
353 -47 -614 2
322 -106 -599 2
-365 -565 541 1
-484 -391 844 4
-643 -332 -763 3
-546 -489 862 4
-592 -259 -663 3
392 215 -364 2
-665 -308 -598 3
-517 -605 884 4
-467 -440 -484 3
-541 -343 788 4
151 24 -590 2
408 -51 -279 2
-386 -190 -669 3
-51 276 -338 2
-642 -547 642 1
667 144 -410 2
-438 -334 606 1
289 50 -357 2
-321 -536 701 4
159 564 120 0
-374 -205 -416 3
137 100 -305 2
385 249 -483 2
326 109 -422 2
575 -22 -288 2
-304 -187 -569 3
-579 -231 -711 3
344 70 -441 2
-470 -164 -362 3
248 -129 -554 2
-366 -371 850 4
-257 -293 500 1
257 52 -553 2
-325 -396 -685 3
488 117 -180 2
-492 -217 -631 3
-343 -611 570 1
-222 -632 577 1
-285 -284 614 1
-434 -604 552 1
-246 -564 595 1
-510 -469 798 4
-201 -287 556 1
-449 -550 899 4
-464 -127 -713 3
-539 -387 708 4
-532 -488 815 4
-253 -319 843 4
-322 -387 846 4
-456 -405 -495 3
-584 -440 -786 3
-571 -356 -729 3
-321 -401 -589 3
-611 -306 -509 3
191 304 -324 2
570 -55 -247 2
-638 -318 778 4
-728 -62 -453 3
-190 -415 193 1
393 240 -248 2
-520 -115 -706 3
-549 -308 -557 3
-283 -408 -698 3
551 252 -271 2
-284 -265 -625 3
316 214 -416 2
-197 -659 879 4
-476 -702 468 1
-200 -468 134 1
458 -154 -444 2
344 209 -518 2
-384 -470 -721 3
166 145 -539 2
-340 -644 452 1
-411 -105 -617 3
-487 -498 656 1
-344 -425 513 1
-367 -504 -513 3
-629 -468 828 4
-432 -317 -626 3
-415 275 -607 3
379 55 -569 2
411 175 -473 2
292 -93 -276 2
-507 -491 -649 3
-674 -136 -729 3
-335 -302 -794 3
-216 -721 611 1
-517 -278 -504 3
-699 -508 82 1
-448 -436 824 4
229 299 -431 2
-526 -70 -405 3
-480 -470 767 4
-673 -176 -765 3
-459 -274 -707 3
481 -155 -526 2
189 281 -492 2
-537 -425 674 1
-449 -422 -666 3
-191 -470 544 1
-349 -375 -658 3
-480 -359 -728 3
500 -102 -496 2
299 307 -549 2
572 177 -414 2
-431 -336 -511 3
-550 -501 -595 3
146 163 -198 2
549 136 -380 2
489 -34 -449 2
419 59 -558 2
-525 -443 739 4
238 115 -299 2
-529 -82 -620 3
-472 -259 -389 3
372 200 -396 2
370 12 282 0
-418 -336 -443 3
158 252 -249 2
-348 -430 -615 3
-526 -528 860 4
516 144 -560 2
-742 -164 -646 3
-437 -390 -429 3
-547 -258 -521 3
-464 -484 470 1
-617 -391 751 4
153 157 -409 2
315 215 -584 2
-527 -84 -489 3
-321 -630 585 1
-503 -452 697 4
-388 -547 866 4
-717 -198 -575 3
-394 -351 579 1
-268 -352 583 1
426 -4 -441 2
-305 -121 -708 3
-645 -307 -421 3
308 -131 -175 2
-507 -542 882 4
-534 -179 -558 3
-618 -682 826 4
317 -142 -538 2
148 186 -303 2
149 -11 -526 2
-636 -118 -368 3
-589 -283 500 1
251 -26 -589 2
-208 -592 635 4
-648 -302 -575 3
-332 -546 827 4
548 265 -547 2
-579 -428 -546 3
-582 -423 -489 3
-335 -677 455 1
-408 -394 852 4
-528 -463 -563 3
-264 -315 642 1
-641 -548 685 1
-721 -329 -427 3
228 53 -332 2
-431 -470 -564 3
-583 -256 -692 3
-525 -333 -401 3
-545 -317 -396 3
135 -14 -407 2
-486 -274 -662 3
213 279 -506 2
-310 -739 544 1
-677 -284 -713 3
520 -13 -428 2
-244 -313 766 4
-445 -637 503 1
-538 -623 638 1
-377 -73 -624 3
-534 -156 -630 3
-731 -69 -761 3
-625 -640 706 4
-742 -163 -564 3
310 -74 -194 2
-339 -203 -455 3
-416 -299 -395 3
430 -53 -407 2
-281 -253 -391 3
-656 -630 448 1
153 -80 -168 2
-322 -279 693 4
-562 -139 -342 3
252 171 -315 2
554 37 -271 2
456 129 -275 2
-555 -381 -681 3
494 -118 -590 2
-361 -251 -645 3
-408 -484 607 1
423 -535 277 2
515 -46 -373 2
-262 -720 783 4
159 267 -580 2
-450 -506 446 1
-578 -619 790 4
241 -54 -338 2
-448 -147 -481 3
-414 -671 584 1
-325 -286 -483 3
222 70 -190 2
-343 -567 630 1
266 -22 -474 2
221 76 -563 2
-660 -271 -445 3
-553 -289 474 1
-638 -384 -501 3
-554 -46 -428 3
-405 -610 584 1
126 105 -209 2
-470 -634 478 1
-318 -625 759 4
393 -19 -184 2
-341 -606 818 4
211 54 -231 2
186 294 -413 2
-450 -695 587 1
161 287 -255 2
-499 -126 -783 3
534 233 -616 2
-240 -695 725 4
-644 -495 -795 3
-369 -443 -773 3
-621 -590 706 4
128 138 -431 2
-292 -94 -693 3
442 -61 -405 2
377 -1 -407 2
-294 -281 729 4
-586 -333 -757 3
-519 -695 718 4
-419 -113 -574 3
193 -159 -328 2
-432 -438 -686 3
-603 -486 649 1
-532 -120 -398 3
-301 -448 -548 3
-326 -685 520 1
-709 -208 -506 3
-586 -442 627 1
493 -127 -279 2
-448 -299 535 1
-410 -302 774 4
-569 -404 540 1
-437 -249 -393 3
-438 -316 905 4
-579 -57 -448 3
-566 -318 466 1
510 276 -596 2
-347 -414 678 4
308 146 -193 2
289 -10 -450 2
297 307 -622 2
-388 -80 -750 3
-521 -472 -552 3
430 116 -604 2
-369 -284 -378 3
302 184 -551 2
171 188 -510 2
-281 -492 707 4
-582 -710 584 1
-475 -399 816 4
318 -128 -247 2
306 89 -599 2
-742 -441 -397 3
176 223 -607 2
-226 -635 653 4
-634 -64 -581 3
-425 -737 691 4
225 228 -177 2
-264 -322 749 4
-218 -722 536 1
-389 -129 -661 3
-527 -524 843 4
-382 -392 -582 3
535 37 -560 2
-382 -282 -386 3
286 226 -416 2
-449 -137 -772 3
-231 -464 787 4
-362 -348 750 4
516 25 -410 2
-345 -719 902 4
501 8 -549 2
480 237 -321 2
-622 -365 -405 3
504 -91 -561 2
-398 -386 -750 3
-575 -284 -760 3
446 -69 -627 2
-505 -398 -682 3
-525 -657 860 4
533 -55 -406 2
269 181 -412 2
-383 -410 -374 3
-707 -158 -543 3
-613 -644 488 1
-248 -553 608 1
-569 -47 -570 3
-640 -610 739 4
-587 -325 -483 3
361 292 -258 2
-364 -127 -707 3
169 58 -509 2
505 -31 -416 2
-363 -387 -531 3
-468 -136 -709 3
-234 -694 564 1
-637 -474 -422 3
-514 -476 -513 3
-618 -506 632 1
-520 -130 -769 3
-206 -558 523 1
-327 -165 -505 3
566 164 -439 2
-499 -59 -440 3
-283 -686 524 1
-400 -679 701 4
-391 -445 820 4
-217 -333 665 4
-438 -418 755 4
123 277 -304 2
234 81 -166 2
-699 -400 -615 3
-372 -338 -706 3
-535 -96 -507 3
29 -129 -541 2
-286 -162 -510 3
-709 -270 -620 3
462 101 -405 2
191 -62 -315 2
-655 -298 478 1
384 -54 -295 2
485 -94 -410 2
-323 -367 -438 3
-564 -312 847 4
-697 -427 -721 3
-369 -569 647 1
-302 -381 -527 3
-307 -558 876 4
279 -126 -373 2
-370 -119 -443 3
440 50 -544 2
-370 -212 -387 3
493 143 -473 2
-530 682 -287 0
-517 -681 833 4
306 -51 -612 2
260 -50 -356 2
-426 -235 -347 3
-639 -324 -557 3
-330 -734 837 4
367 192 -536 2
-272 -597 768 4
-723 -202 -480 3
-422 -131 -500 3
-290 -593 848 4
195 191 -498 2
-545 -394 877 4
-346 -636 458 1
490 -116 -535 2
242 94 -622 2
-471 -73 -792 3
182 253 -408 2
-190 -307 529 1
-492 -704 541 1
525 252 -202 2
-535 -299 -539 3
576 -151 -557 2
271 167 -567 2
-495 -118 -694 3
-331 -225 -514 3
-464 -426 875 4
-417 -591 627 1
575 -128 -185 2
-260 -473 812 4
137 197 -308 2
203 144 -549 2
-546 -257 -739 3
-311 -488 -400 3
-690 -325 -497 3
-305 -416 756 4
450 289 -509 2
-615 -473 490 1
-298 -102 -481 3
-610 -471 566 1
-528 -344 489 1
-394 -428 -570 3
-454 -353 636 1
529 161 -187 2
-239 -418 741 4
278 12 -474 2
-634 -593 888 4
265 171 -274 2
112 -21 -597 2
369 67 -598 2
-496 -143 -419 3
514 174 -617 2
-539 -375 640 1
-385 -340 -509 3
-197 -495 767 4
-616 -738 818 4
-493 -407 -734 3
346 -84 -347 2
261 29 -396 2
-233 -618 692 4
-358 -83 -643 3
-633 -437 873 4
-392 -380 -418 3
277 223 -313 2
315 127 -374 2
-285 -584 465 1
559 -112 -213 2
-428 -273 688 4
-344 -469 -604 3
-392 -337 -403 3
-522 -442 -361 3
-468 -108 -677 3
-365 -45 -521 3
197 -123 -450 2
524 262 -349 2
-543 -274 788 4
-724 -261 -764 3
-708 -267 -639 3
535 192 -361 2
-367 -398 555 1
-330 -333 -570 3
633 426 197 0
-298 -426 506 1
-313 -449 -739 3
-607 -398 -339 3
-585 -468 564 1
-490 -498 451 1
454 287 -360 2
-533 -377 -547 3
-446 -509 726 4
-348 -503 599 1
-463 -240 -516 3
341 161 -583 2
-650 -475 -549 3
278 169 -251 2
122 -159 -557 2
471 88 -392 2
277 -96 -357 2
-640 -334 -620 3
-251 -543 628 1
-541 -662 789 4
-412 -376 -409 3
478 113 -194 2
371 291 -166 2
-526 -255 -732 3
-321 -316 -727 3
379 -20 -225 2
-412 168 -646 3
-224 -292 839 4
-304 -158 -513 3
-558 -713 498 1
-277 -394 550 1
-554 -413 622 1
-249 -726 523 1
-409 -476 502 1
-472 -489 -598 3
-286 -92 -556 3
568 257 -339 2
-554 -122 -498 3
277 275 -403 2
247 103 -188 2
264 -42 -608 2
225 76 -498 2
-363 -376 -522 3
-571 -364 592 1
-437 -476 -382 3
375 -31 -527 2
-409 -116 -744 3
-276 -673 564 1
525 -30 -237 2
-514 -288 539 1
247 265 -539 2
-609 -241 -760 3
-339 -569 533 1
-246 -698 681 4
-434 -355 -617 3
468 5 -567 2
-392 -282 525 1
-303 -527 869 4
310 16 -173 2
328 75 -446 2
-591 -574 449 1
-324 -612 863 4
160 217 -170 2
-333 -400 749 4
-542 -483 575 1
301 185 -537 2
-423 -384 630 1
502 -340 -541 2
-439 -375 -694 3
438 184 -430 2
295 -63 -643 2
152 -109 -443 2
-605 -423 -547 3
268 227 -395 2
-699 -328 -473 3
544 -133 -343 2
-313 -467 659 4
348 -87 -264 2
-553 -208 -687 3
145 100 -572 2
486 127 -330 2
-459 -320 -593 3
-629 -346 665 1
303 244 -320 2
430 208 -185 2
-239 -280 767 4
378 205 -216 2
-543 -281 884 4
-219 -661 779 4
-643 -192 -743 3
227 300 -258 2
-514 -539 818 4
-416 -674 523 1
291 299 -282 2
-429 -276 476 1
187 105 -292 2
417 153 -165 2
-243 -275 567 1
-228 -485 778 4
-215 -565 555 1
-336 -428 -506 3
-576 -92 -679 3
190 -35 -298 2
513 -39 -366 2
-612 -329 715 4
-423 -237 -737 3
-607 -629 890 4
-390 -493 -449 3
-508 -485 723 4
-443 -466 -600 3
-605 -668 477 1
-394 -101 -645 3
-257 -447 489 1
-682 -427 -434 3
-489 -364 -373 3
539 136 -426 2
-339 -129 -459 3
-611 -450 815 4
260 108 -578 2
-565 -426 -363 3
-435 -311 626 1
-493 -417 -639 3
-481 -165 -478 3
309 -55 -345 2
-462 -550 799 4
565 -67 -553 2
433 96 -540 2
-538 -340 -567 3
-695 -186 -419 3
-576 -430 -440 3
-424 -49 -454 3
-447 -219 -457 3
-57 -178 -264 2
-577 -159 -450 3
-604 -366 501 1
-421 -627 749 4
288 48 -444 2
-205 -599 815 4
339 -75 -291 2
552 61 -507 2
-229 -479 518 1
-698 -448 -746 3
-342 -165 -751 3
-558 -297 751 4
125 -30 -180 2
-619 -349 -563 3
-365 -614 510 1
-606 -641 488 1
-512 -225 -690 3
428 -100 -219 2
132 -106 -319 2
-574 -292 -782 3
-509 -68 -491 3
-525 -509 880 4
-616 -95 -662 3
282 199 -349 2
-616 -563 844 4
-482 -282 845 4
380 142 -615 2
-619 -573 550 1
-624 -361 -544 3
-449 -726 702 4
-444 -94 -608 3
-387 -419 656 1
553 115 -533 2
-400 -482 -347 3
-638 -511 641 1
-655 -173 -634 3
533 32 -501 2
-240 -679 820 4
520 -137 -376 2
26 433 -647 2
-636 -119 -666 3
182 135 -218 2
50 638 -372 2
546 -92 -451 2
-333 -89 -597 3
306 74 -362 2
278 -51 -556 2
-476 -159 -447 3
545 119 -304 2
-728 -54 -561 3
-199 -689 818 4
-287 -267 -538 3
332 201 -544 2
407 5 -501 2
577 189 -550 2
533 -37 -243 2
-408 -205 -687 3
478 45 -407 2
-332 -357 808 4
-659 -332 -454 3
-629 -192 -699 3
419 30 -428 2
451 -62 -591 2
-525 -622 719 4
-492 -102 -755 3
-290 -111 -628 3
171 280 -550 2
-438 -638 890 4
-462 -672 705 4
376 85 -259 2
-206 -592 890 4
-499 -626 463 1
-429 -615 732 4
-461 -387 493 1
-216 -315 678 4
-366 -484 502 1
570 38 -273 2
-623 -710 504 1
-530 -82 -514 3
492 80 -365 2
-653 -188 -436 3
-462 -663 815 4
118 -21 -580 2
-404 -107 -435 3
-351 -492 897 4
-495 -571 874 4
342 136 -370 2
466 43 -292 2
-196 -279 750 4
286 269 -538 2
-388 -283 780 4
132 -22 -219 2
370 219 -370 2
-472 -344 894 4
-318 -53 -723 3
418 273 -460 2
-296 -445 815 4
-465 -413 556 1
-361 -90 -704 3
406 263 -477 2
-409 -408 -690 3
-552 -405 794 4
-673 -487 -630 3
-593 -53 -753 3
375 269 311 0
-628 -496 -750 3
-370 -309 -621 3
317 136 -229 2
-43 -280 213 1
-621 -728 547 1
-396 -265 -406 3
200 -96 -211 2
326 62 -488 2
-575 -526 678 1
-538 -502 662 1
131 -185 -638 2
-614 -500 -667 3
-598 -443 668 1
386 244 -288 2
-313 -57 -558 3
-627 -398 -473 3
221 121 -429 2
-541 -731 824 4
-632 -704 910 4
-556 -376 780 4
-347 -662 711 4
-726 -494 -484 3
-440 -356 652 1
198 278 -300 2
-716 -221 -721 3
132 162 -608 2
-603 -67 -546 3
142 253 -500 2
-456 -414 -341 3
-367 -491 765 4
-447 -419 -686 3
-643 -446 535 1
-388 -449 -792 3
-360 -87 -382 3
-541 -390 684 1
-300 -283 -578 3
-319 -411 -684 3
-338 -47 -481 3
-537 -403 737 4
-680 -146 -477 3
467 220 -379 2
457 218 -385 2
-491 -130 -340 3
-469 -196 -611 3
-217 -730 521 1
-319 -176 -350 3
-646 -310 861 4
-626 -491 -557 3
127 -109 -253 2
-668 -375 -339 3
-540 -468 728 4
162 159 -518 2
-395 -598 503 1
-474 -496 -765 3
-416 -636 505 1
-515 -50 -711 3
-359 -548 654 1
271 302 -554 2
-689 -387 -742 3
-521 -120 -407 3
-622 -446 789 4
341 -124 -326 2
-387 -646 798 4
-582 -425 473 1
314 -120 -390 2
277 -4 -628 2
-520 -293 -563 3
-578 -508 -712 3
460 39 -191 2
-372 -197 -354 3
509 222 -504 2
397 242 -474 2
464 111 -220 2
455 -109 -244 2
-289 -125 -337 3
-646 -377 608 1
255 -71 -449 2
508 140 -205 2
-740 -108 -598 3
-253 -395 658 4
217 207 -251 2
317 216 -399 2
-554 -644 693 4
-641 -139 -660 3
-361 -110 -568 3
-546 -318 537 1
344 228 -604 2
-530 -490 -557 3
-526 -315 -718 3
-238 -701 766 4
-433 -444 -689 3
477 25 -466 2
186 124 -577 2
-385 -226 -674 3
-640 -437 721 4
-711 -278 -780 3
-199 -630 601 1
-578 -427 799 4
-417 -315 793 4
-569 -328 486 1
-394 -189 -579 3
465 -45 -297 2
558 23 -339 2
-686 -357 -398 3
520 -90 -396 2
457 262 -255 2
261 -54 -581 2
-446 -220 -642 3
-387 -395 484 1
-332 -397 774 4
236 -29 -267 2
-242 -594 761 4
-608 -471 893 4
-391 -471 -616 3
-345 -192 -493 3
370 130 -375 2
-300 -397 744 4
471 -158 -505 2
-738 -320 -635 3
354 277 -389 2
-653 -217 -635 3
145 -55 -282 2
-324 -487 -506 3
-537 -440 -360 3
-394 -583 807 4
-689 -101 -784 3
-557 -149 -661 3
430 295 -528 2
-461 2 183 0
-306 327 -147 0
395 87 -192 2
-589 -184 -754 3
534 166 -345 2
179 509 -224 2
-342 -149 -633 3
-308 -721 484 1
130 -142 -175 2
215 62 -523 2
-546 -397 481 1
-539 -178 -692 3
-619 -304 -536 3
139 -91 -514 2
405 -156 -621 2
-690 -183 -694 3
283 -78 -243 2
-213 -518 803 4
190 -147 -565 2
114 -75 -169 2
254 159 -190 2
476 -25 -408 2
556 232 -564 2
-537 -458 790 4
-559 -99 -686 3
-291 -280 896 4
-374 -455 833 4
-317 -289 -467 3
-435 -209 -359 3
342 71 -517 2
458 196 620 0
-654 -286 -662 3
162 -145 -317 2
441 259 -531 2
358 142 -484 2
285 -129 -252 2
-421 -490 662 1
-512 -702 532 1
-516 -355 462 1
-707 -360 -585 3
180 11 -587 2
-460 -489 -483 3
-607 -382 -744 3
-454 -455 650 1
-325 307 -72 0
-514 -184 -690 3
-314 -105 -460 3
-631 -442 733 4
-273 -612 644 4
-661 -367 -679 3
482 225 -335 2
236 126 -357 2
519 71 -331 2
-698 -487 -417 3
439 102 -481 2
-495 -195 -692 3
-329 -204 -368 3
-358 -305 -596 3
-537 -449 803 4
-570 -48 -332 3
-489 -162 -542 3
159 -53 -221 2
-416 -154 -466 3
234 61 -267 2
-319 -584 800 4
-364 -478 569 1
-562 -475 -728 3
265 103 -351 2
-638 -610 502 1
-707 -390 -521 3
-296 -366 775 4
-325 -501 -584 3
-403 -221 -735 3
-431 -710 560 1
-704 -368 -356 3
-645 -355 534 1
-590 -406 899 4
503 193 -610 2
-422 -735 604 1
-275 -318 776 4
-519 -401 -380 3
-535 -323 666 1
488 71 -451 2
-400 -86 -757 3
155 214 -454 2
-468 -288 724 4
191 145 -377 2
574 -130 -229 2
-653 -74 -348 3
-419 -544 772 4
571 155 -206 2
293 -37 -579 2
-454 -554 501 1
-363 -423 894 4
519 -11 -276 2
-584 -498 852 4
-355 -290 827 4
136 114 -236 2
-432 -328 894 4
-202 -421 715 4
196 171 -175 2
162 7 -427 2
336 -99 -526 2
-317 -413 702 4
337 -5 -478 2
-707 -503 -735 3
365 99 -357 2
-259 -550 555 1
-439 -653 805 4
541 57 -364 2
-422 -376 507 1
-431 -314 -573 3
-367 -514 452 1
-625 -139 -706 3
-388 -424 -349 3
-684 -321 -668 3
-327 -104 -490 3
-495 -544 831 4
-357 -228 -591 3
-329 -263 -534 3
-384 -68 -482 3
183 -59 -166 2
-344 -197 -738 3
-387 -279 -494 3
-355 -54 -795 3
197 -7 -350 2
-350 -300 632 1
351 174 -349 2
-421 -690 654 1
276 134 -414 2
123 296 -515 2
-364 -445 -579 3
474 57 -206 2
-367 -273 -792 3
-205 -397 468 1
-443 -451 -482 3
-475 -655 863 4
-403 -391 599 1
383 -118 -540 2
-688 -246 -785 3
-476 -649 299 1
577 -15 -437 2
-460 -414 -707 3
-397 -354 -657 3
-313 -734 502 1
-350 -308 -393 3
-699 -423 -763 3
-352 -447 -611 3
-511 -496 -495 3
-412 -467 600 1
522 -80 -538 2
-480 -287 -558 3
-325 -352 -784 3
-431 -392 908 4
161 136 -568 2
-325 -116 -587 3
-579 -311 523 1
487 247 -251 2
367 203 -369 2
488 -22 -408 2
516 -11 -334 2
-566 -176 -487 3
262 180 -252 2
-707 -494 -378 3
179 -113 -462 2
-694 -314 -373 3
-682 -442 -604 3
234 508 269 0
459 -43 -421 2
496 75 -503 2
-346 -508 -652 3
-626 -400 -406 3
-541 -693 614 1
-480 -534 784 4
-585 -500 679 1
156 -74 -576 2
-389 -236 -733 3
401 -109 -624 2
482 -385 -89 2
522 -29 -199 2
281 89 -496 2
-482 -450 -782 3
-449 -732 694 4
-529 -616 539 1
-511 296 343 0
-347 -624 537 1
-611 -687 735 4
-535 -504 655 1
-676 -318 -790 3
165 -134 -392 2
-407 -407 -562 3
-496 -443 -356 3
480 45 95 2
437 261 -276 2
248 197 -208 2
-425 -376 -718 3
522 14 -204 2
-436 -353 761 4
-484 -319 539 1
528 302 -332 2
252 -133 -452 2
528 186 -185 2
-261 -629 751 4
-209 -671 777 4
47 562 46 0
-524 -475 641 1
162 30 -575 2
-480 -92 -637 3
-577 -345 -394 3
-463 -304 -565 3
-506 -312 -409 3
-331 -75 -596 3
-538 -464 869 4
-595 -335 868 4
230 34 -164 2
-405 -473 -344 3
-621 -240 -568 3
437 54 -568 2
-578 -323 -708 3
-479 272 84 0
-545 -90 -683 3
-528 -113 -743 3
557 218 -243 2
-715 -73 -653 3
-238 -623 630 1
-685 -204 -481 3
-424 -358 874 4
173 23 -585 2
-297 -413 711 4
-386 -323 -791 3
247 189 -545 2
-645 -318 465 1
-274 -690 870 4
-531 -455 -760 3
-453 -153 -367 3
-452 -449 577 1
-340 -701 849 4
-591 -387 -647 3
399 169 -417 2
-447 -379 617 1
274 178 -324 2
-350 -475 689 4
-601 -295 -456 3
-586 -375 735 4
508 35 -442 2
552 -22 -495 2
573 237 -409 2
207 -17 -539 2
-388 -494 -711 3
-566 -423 663 1
167 -141 -352 2
-544 -485 816 4
402 -77 -368 2
237 285 -181 2
300 97 -164 2
538 115 -522 2
-567 -486 -786 3
209 260 -509 2
-414 -594 -337 3
-662 -232 -521 3
-617 -374 499 1
-225 -506 883 4
-513 -277 879 4
-368 -307 666 1
-633 -605 664 1
491 48 -578 2
628 16 -468 2
562 258 -449 2
275 299 -357 2
-356 -276 -576 3
-622 -463 -341 3
256 72 -459 2
376 236 -466 2
-347 -620 780 4
-365 -589 701 4
111 56 -169 2
-552 -87 -409 3
-444 -245 -686 3
145 -99 -264 2
-629 -74 -686 3
573 205 -538 2
-638 -261 -425 3
543 160 -615 2
-654 -476 -743 3
-480 -419 590 1
471 -76 -562 2
618 -137 330 0
-223 -619 725 4
-355 -141 -561 3
-610 -379 -694 3
656 -408 -659 2
-637 -662 517 1
537 285 -590 2
-647 -619 789 4
-348 -494 -556 3
-278 -232 -416 3
-615 -571 682 1
-348 -557 756 4
-268 -518 674 4
-316 -664 590 1
-509 -508 561 1
-308 -592 498 1
146 271 -537 2
-652 -71 -735 3
-406 -486 844 4
132 155 -282 2
454 -3 -297 2
-649 -322 -500 3
-640 -46 -369 3
-495 -602 796 4
-594 -281 529 1
-331 -364 757 4
-213 -673 829 4
-717 -145 -486 3
167 286 -554 2
-540 -424 -692 3
-420 -420 -543 3
463 -3 -512 2
381 165 -501 2
-660 -257 -372 3
225 104 -243 2
-455 -564 467 1
-349 -275 642 1
-500 -275 559 1
-309 -542 881 4
-420 -601 821 4
-344 -381 798 4
191 265 -612 2
-549 -484 861 4
-576 -225 -564 3
-404 -309 -712 3
437 233 -275 2
295 64 -466 2
-505 -176 -510 3
-640 486 -604 3
-233 -378 651 4
-417 -204 -332 3
312 211 -279 2
-389 -258 -691 3
272 253 -275 2
312 113 -364 2
112 293 -466 2
547 51 -560 2
-466 -229 -660 3
257 -57 -275 2
-394 -447 -472 3
-222 -373 476 1
-241 -351 463 1
-705 -204 -627 3
547 239 -336 2
544 -319 -620 2
-387 -373 726 4
292 142 -315 2
-477 -114 -525 3
-580 -409 705 4
511 -89 -164 2
389 -108 -540 2
-506 -302 650 1
-510 -529 484 1
318 241 -494 2
-637 -311 -725 3
-361 -218 -498 3
-312 -402 609 1
-554 -465 -620 3
-401 -325 -512 3
-280 -333 616 1
423 -60 -186 2
-465 -256 -796 3
-381 -556 538 1
-15 604 296 0
144 54 -507 2
516 210 -466 2
488 216 -195 2
-428 129 -413 3
325 193 -400 2
-392 -453 647 1
-300 -581 604 1
-624 -234 -426 3
-604 -513 853 4
564 165 -275 2
315 101 -603 2
-359 -373 -716 3
280 -36 -458 2
-567 -295 648 1
-543 -530 610 1
243 209 -191 2
-191 -458 476 1
483 -64 -362 2
329 2 -256 2
-282 -106 -620 3
-425 -422 548 1
-528 -387 712 4
527 -139 -358 2
-388 -487 871 4
-333 -305 -511 3
412 138 -213 2
-343 -70 -738 3
-648 -292 766 4
128 180 -529 2
-374 -150 -623 3
-129 370 240 0
165 169 -501 2
-373 -709 465 1
-392 -381 669 1
-388 -495 873 4
-606 -133 -410 3
-357 -459 -448 3
-589 -680 717 4
514 222 -612 2
328 -29 -309 2
-576 -384 -728 3
-454 -485 -377 3
-678 -324 -763 3
-692 -223 -356 3
240 297 -400 2
518 104 -315 2
391 70 -461 2
571 98 -579 2
213 8 -590 2
-434 -367 675 1
-645 -367 663 1
152 89 332 0
-397 -267 -676 3
-399 -341 480 1
-627 -560 554 1
-236 -454 862 4
266 -109 -301 2
181 -76 -463 2
360 -116 -335 2
-417 -553 678 4
516 -9 -237 2
-660 -275 -777 3
-672 -145 -502 3
-487 -711 820 4
255 -149 -457 2
-524 -135 -558 3
-394 -608 773 4
490 -140 -339 2
138 242 -613 2
-456 -147 -385 3
-530 -483 -357 3
-553 -702 902 4
259 61 -483 2
257 -68 -464 2
535 180 -361 2
-522 -339 -554 3
-550 -587 475 1
125 77 -229 2
470 283 -403 2
-645 -261 -556 3
-345 -305 -364 3
-391 -98 -648 3
-704 -301 -539 3
-639 -230 -495 3
432 285 -354 2
-343 -669 780 4
-642 -137 -685 3
-439 -136 -525 3
-541 -398 -576 3
393 -124 -224 2
386 68 -218 2
479 -19 -352 2
-638 -570 494 1
527 145 -507 2
-205 -471 717 4
-255 -400 822 4
-333 -297 -622 3
-319 -638 776 4
-298 -453 757 4
-436 -457 883 4
-504 -315 -570 3
-279 -636 569 1
-291 -166 -347 3
-212 -737 837 4
116 235 -509 2
-610 -229 -365 3
-655 -736 446 1
-542 -571 634 1
-370 -114 -735 3
-421 -414 632 1
258 -106 -556 2
422 247 -230 2
-557 -546 690 1
-286 -586 648 4
559 70 -524 2
-426 -331 -575 3
-534 -312 -332 3
136 20 -455 2
-376 -380 -792 3
327 287 -358 2
524 -62 -171 2
-734 -189 -404 3
246 117 -182 2
-346 -457 653 1
-446 -412 -434 3
366 243 -404 2
-502 -725 796 4
266 -62 -295 2
-645 -461 -724 3
-508 -232 -757 3
-627 -520 858 4
-335 -301 -762 3
-496 -390 -339 3
694 -558 -252 2
-327 -409 822 4
433 285 -267 2
458 -140 -208 2
-414 -479 758 4
-359 -251 -482 3
369 -74 -527 2
-377 -540 519 1
182 23 -543 2
-620 -294 -428 3
-494 -560 863 4
-618 -46 -782 3
-405 -359 452 1
416 17 -559 2
-44 -160 -505 2
-297 -460 833 4
-516 -388 691 1
-421 -380 -567 3
-420 -85 -680 3
-609 -506 -592 3
-462 -309 -339 3
150 245 -321 2
-526 -502 776 4
-553 -542 731 4
-636 -449 -424 3
-611 -625 773 4
361 20 -451 2
-605 -560 685 1
-362 -241 -416 3
39 615 -400 2
-537 -393 591 1
419 -67 -603 2
-349 -565 903 4
-422 -391 687 4
202 126 -286 2
-513 -251 -423 3
-682 -122 -405 3
126 163 -373 2
236 252 -374 2
-540 -288 645 1
-731 -120 -553 3
-742 -95 -405 3
-351 -657 668 4
-442 -677 841 4
-361 -304 867 4
-265 -287 689 4
-604 -397 -349 3
293 84 -386 2
202 -98 -601 2
-560 -380 850 4
-564 -621 465 1
-546 -73 -727 3
552 -62 -256 2
-357 -446 -440 3
546 78 -233 2
-569 -449 748 4
-722 -347 -362 3
-501 -500 509 1
-651 -368 741 4
-402 -353 569 1
-232 -585 797 4
-563 -539 768 4
480 244 -483 2
127 -55 -234 2
-360 -295 501 1
-642 -713 769 4
557 13 -314 2
-720 -407 -520 3
-451 -585 766 4
-279 -333 -761 3
272 172 -387 2
-505 -342 711 4
-705 -235 -474 3
451 -102 -487 2
223 86 -281 2
-543 -291 -535 3
-403 -313 -753 3
-409 -467 557 1
-667 -249 -757 3
-303 -288 -769 3
-584 -213 -370 3
179 127 -173 2
-321 -442 -413 3
179 98 -439 2
-408 -290 -528 3
353 170 -235 2
-530 -502 -610 3
299 -19 -528 2
-611 -383 -457 3
-330 -601 882 4
512 47 -348 2
-714 -256 -702 3
-736 -442 -390 3
488 47 -235 2
-454 -433 -545 3
-281 -427 -475 3
337 18 -180 2
-555 -322 817 4
328 241 -490 2
267 -7 -340 2
580 127 -106 2
-598 -56 -734 3
-527 -280 547 1
-284 -348 692 4
457 286 -342 2
394 270 -316 2
-588 -65 -758 3
-561 -79 -415 3
435 95 -579 2
-259 -606 625 1
-520 -270 -752 3
129 205 -323 2
-535 -93 -485 3
-573 -302 -480 3
301 122 -389 2
-459 -619 781 4
257 -72 -486 2
-226 -367 830 4
-635 -94 -332 3
-729 -153 -521 3
233 -12 -413 2
-726 -131 -642 3
-666 -162 -515 3
-415 -525 712 4
-624 -395 696 1
-336 -448 -531 3
-372 -356 -598 3
-373 -494 -575 3
-559 -392 874 4
552 167 -516 2
-470 -326 -449 3
222 62 -163 2
-310 -356 -467 3
-591 -330 -613 3
-603 -476 621 1
-392 -450 529 1
453 151 -595 2
-566 -734 608 1
-378 -678 524 1
-605 -494 734 4
-546 -617 829 4
-338 -450 -487 3
-510 -484 445 1
382 294 -174 2
230 -66 -188 2
302 215 -513 2
-449 -470 -423 3
-590 -504 -407 3
422 15 -557 2
-473 -303 -509 3
364 154 -629 2
-532 -69 -415 3
460 -9 -604 2
-323 -452 486 1
-263 -332 515 1
-434 -545 459 1
-620 -314 477 1
-457 -541 536 1
-397 -383 859 4
-612 -380 -524 3
148 151 -568 2
-441 -435 706 4
552 41 -233 2
196 148 -572 2
57 28 -329 2
-337 -492 -733 3
-570 -530 799 4
-424 -319 -725 3
-334 -556 904 4
355 43 -209 2
338 35 -528 2
-418 -535 610 1
-196 -331 742 4
-357 -696 803 4
468 157 -215 2
-402 -193 -350 3
398 140 -600 2
-629 -442 750 4
-456 -386 683 1
-202 -635 842 4
-201 -441 715 4
-243 -341 742 4
-661 -192 -751 3
-384 -592 566 1
-427 -324 797 4
-427 -607 576 1
269 228 -555 2
-349 -266 -589 3
-267 -346 493 1
-465 -425 -646 3
-536 -293 -401 3
-654 -405 -362 3
221 -57 -441 2
-603 -254 -490 3
-519 -484 -707 3
-440 -335 -673 3
-479 -576 592 1
-566 -423 -494 3
-395 -709 796 4
152 -107 -222 2
-460 -494 822 4
-326 -344 -471 3
-488 -288 -506 3
-424 -335 -741 3
-509 -256 -682 3
-542 -361 579 1
420 225 -271 2
-564 -494 829 4
-648 -431 718 4
456 -156 -232 2
-491 -540 822 4
478 -154 -182 2
302 236 -443 2
312 258 -384 2
31 211 370 0
-691 -202 -467 3
-518 -294 -458 3
502 -56 -413 2
-482 -94 -760 3
-348 -262 -666 3
-538 -299 -426 3
-487 -288 639 1
563 -102 -431 2
139 -39 -570 2
-588 -688 904 4
-559 -163 -762 3
284 -1 -388 2
-331 -452 -370 3
-565 -495 639 1
-353 -665 727 4
-550 -614 501 1
-397 -459 558 1
176 10 -543 2
255 -58 -478 2
-400 -198 -394 3
413 -87 -169 2
-276 -285 465 1
-402 -447 653 1
487 -60 -565 2
-508 -174 -441 3
175 -294 -356 2
276 -153 -332 2
-505 -460 -531 3
325 -114 -625 2
-608 -213 -665 3
489 486 531 0
-330 -444 482 1
-538 -81 -592 3
-458 -378 -549 3
-190 -368 549 1
569 71 -199 2
437 250 -531 2
-408 -635 813 4
-475 -334 651 1
-445 -530 816 4
-418 -563 549 1
238 10 -297 2
-434 -278 869 4
32 240 -654 2
243 194 -352 2
-628 -411 906 4
-593 -315 -417 3
490 -381 -438 2
-588 -438 -682 3
-374 -339 835 4
-282 -500 505 1
-325 -142 -683 3
414 191 -341 2
-321 -51 -558 3
-626 -321 -591 3
-458 -253 -673 3
-361 -664 873 4
-371 -205 -575 3
168 120 -460 2
480 -12 -552 2
-312 -168 -401 3
-103 -141 682 4
-701 -457 -363 3
121 244 -329 2
-529 -707 507 1
-346 -504 -728 3
-539 -462 710 4
478 119 -174 2
-408 -85 -532 3
-595 -60 -672 3
176 -31 -362 2
-406 -738 703 4
-433 -305 -730 3
454 104 -463 2
-345 -49 308 0
-350 -93 -569 3
-559 -244 -786 3
311 185 -537 2
486 206 -402 2
-193 -642 840 4
-276 271 -558 3
401 83 -391 2
-648 -286 -408 3
-569 -135 -510 3
369 -5 -267 2
-470 -488 634 1
560 -6 -255 2
347 -118 -605 2
-363 -708 564 1
-555 -338 -433 3
-652 -67 488 1
-631 -135 -429 3
-509 -272 -513 3
-447 -486 819 4
-338 -723 820 4
356 186 -321 2
372 -28 -551 2
499 -18 -621 2
415 162 -523 2
-442 -407 -571 3
277 -159 -356 2
-339 -238 -378 3
-333 -404 -773 3
483 37 -203 2
250 25 -297 2
-258 -292 559 1
566 149 -567 2
215 2 -274 2
-362 -639 599 1
-233 -449 845 4
-193 -611 736 4
-619 -178 -746 3
-366 -301 744 4
-398 -299 499 1
-472 -76 -619 3
-435 -136 -543 3
155 52 -252 2
-454 -166 -633 3
-273 -687 679 4
-330 -414 -564 3
-652 476 681 0
236 233 -169 2
-655 -621 522 1
-371 -577 638 1
115 -37 -540 2
-589 -313 -629 3
-556 -487 889 4
-657 -243 -590 3
-560 -613 845 4
-693 -308 -694 3
-670 -142 -586 3
-680 -129 -766 3
425 -70 -390 2
-432 -640 734 4
-437 -500 -382 3
-278 -212 -466 3
-742 -341 -682 3
-318 -69 -608 3
493 152 -346 2
-233 -311 806 4
487 -66 -246 2
516 75 -266 2
241 -19 -433 2
-573 -462 -692 3
-617 -108 -372 3
-498 -398 -499 3
362 -18 -305 2
173 -132 -332 2
-601 -136 -638 3
-662 -487 -733 3
352 163 -328 2
-557 -570 669 1
321 157 -615 2
224 -87 -524 2
150 121 -219 2
-562 -732 832 4
-304 -142 -470 3
-287 -359 583 1
-468 -55 -343 3
511 154 -443 2
-550 -206 -547 3
-642 -222 -418 3
-539 -653 617 1
233 236 -283 2
359 -24 -176 2
383 -69 -422 2
-578 -390 761 4
-550 -579 741 4
339 142 -219 2
359 127 -531 2
519 1 -295 2
165 138 -191 2
-202 -682 838 4
325 282 -511 2
-515 -152 -631 3
435 138 -591 2
-566 -408 544 1
-521 -437 -544 3
424 6 -609 2
168 -119 -306 2
486 -54 -406 2
-271 -550 902 4
-400 -357 562 1
-324 -501 -666 3
159 -100 -594 2
-579 -576 808 4
-409 -671 581 1
357 -77 -240 2
-571 -572 838 4
213 72 -209 2
-364 -600 610 1
-594 -291 -542 3
-509 -624 757 4
-302 -427 -376 3
513 103 -564 2
448 -67 -180 2
-341 -441 624 1
-437 -132 -600 3
-619 -62 -528 3
554 236 -480 2
-640 -519 815 4
-505 -586 600 1
380 -3 -181 2
339 -3 -515 2
547 67 -552 2
-568 -303 -474 3
-437 -245 -764 3
137 -243 383 0
-483 -361 811 4
560 72 -388 2
293 -149 -513 2
-561 -699 655 1
-727 -308 -714 3
-742 -103 -468 3
-223 -299 623 1
-443 -505 -608 3
-645 -690 541 1
-443 -148 -749 3
108 -431 6 2
451 51 -461 2
-397 -439 -741 3
-412 -420 -519 3
23 126 -490 2
-525 -460 -641 3
-560 -543 846 4
239 -144 -271 2
-639 -673 566 1
443 -459 -628 2
-354 -571 776 4
-473 -420 505 1
-601 -676 494 1
213 228 -444 2
354 63 -385 2
-441 -602 473 1
-604 -622 536 1
-276 -484 782 4
330 206 -558 2
-525 -671 663 1
504 -80 -177 2
-714 -164 -589 3
566 74 -374 2
-641 -44 -411 3
-352 -472 -463 3
-551 -529 666 1
111 -72 -187 2
-341 -596 776 4
-414 -100 -679 3
323 -63 -466 2
-618 -368 490 1
536 257 -250 2
-459 -623 609 1
-743 -115 -747 3
525 -97 -629 2
558 277 -499 2
-313 -103 -652 3
119 113 -492 2
-380 -291 525 1
-559 -305 573 1
-557 -82 -339 3
-588 -501 -486 3
-695 -503 -534 3
521 289 -410 2
-524 193 232 0
-421 -353 -546 3
660 -12 -538 2
-363 -201 -402 3
125 -147 -268 2
-384 -484 -735 3
551 99 -436 2
-254 -709 771 4
486 -157 544 0
-313 -623 694 4
-448 -650 616 1
-669 -469 -535 3
-455 -176 -465 3
-646 -372 636 1
-537 -422 -403 3
-491 -691 745 4
-471 -107 -554 3
467 -52 -501 2
-219 -309 734 4
-427 -583 600 1
-349 -334 -591 3
-420 -275 535 1
-514 -280 840 4
-638 -676 759 4
243 -99 -241 2
-501 -321 541 1
-579 -134 -641 3
-335 -289 -349 3
-617 -637 889 4
153 150 -406 2
-637 -653 623 1
-281 -476 784 4
-618 -142 -769 3
412 203 -485 2
298 43 -497 2
-552 -477 550 1
-561 -548 460 1
418 -49 -443 2
-449 -468 860 4
334 196 -520 2
158 255 -607 2
-468 -647 524 1
-525 -466 -546 3
-350 -124 -524 3
-645 -443 526 1
-477 -513 634 1
537 -572 524 4
-699 -180 -795 3
-544 -494 789 4
410 106 -378 2
-558 -295 -541 3
-38 524 477 0
552 239 -366 2
-353 -336 -444 3
-562 -278 542 1
187 -8 -597 2
-359 -121 -664 3
575 -42 -382 2
-425 -287 -373 3
-625 -621 496 1
337 -65 -528 2
-644 -598 636 1
506 96 -200 2
395 102 -420 2
-553 -75 -577 3
-361 -597 656 1
-559 -297 -672 3
356 209 -551 2
-440 -178 -530 3
-569 -719 639 1
-310 -178 -731 3
415 236 -223 2
-411 -404 618 1
-215 -353 466 1
-263 -478 489 1
571 70 -356 2
514 -80 -252 2
154 15 -491 2
-360 -233 -655 3
-610 -500 735 4
-657 -500 -596 3
-588 -133 -673 3
-468 398 -206 0
-642 -218 -526 3
532 -87 -560 2
-307 -197 -470 3
-598 -739 798 4
-622 -250 -494 3
689 -556 -379 2
-314 -411 -689 3
-307 -433 -700 3
-384 -724 557 1
-394 -495 805 4
-254 -413 733 4
474 232 -386 2
-314 -231 -414 3
-428 631 373 0
-497 -484 -557 3
-640 -255 -405 3
-709 -161 -672 3
-288 -613 464 1
190 205 -548 2
-290 -482 871 4
-358 -258 -560 3
-582 -330 -593 3
-368 -541 844 4
140 -61 -541 2
-640 -314 680 1
522 53 -480 2
-458 -638 898 4
-195 -604 534 1
-620 -547 672 1
-412 -308 -501 3
-413 -507 -438 3
-296 -480 550 1
399 280 -506 2
-389 -487 755 4
-393 -471 863 4
-471 -195 -699 3
236 97 -597 2
-515 -381 590 1
-282 -355 906 4
-537 -517 703 4
-499 -403 577 1
453 -125 -379 2
-485 -664 699 4
487 93 -180 2
-384 -302 767 4
439 -159 -187 2
-439 -620 835 4
-519 -70 -678 3
-492 -456 453 1
321 256 -341 2
351 -98 -444 2
-296 -351 -765 3
-202 -404 546 1
189 215 -262 2
-454 -169 -488 3
-289 -470 449 1
-484 -344 623 1
159 -418 -457 2
-329 -137 -533 3
-652 -71 -739 3
-341 -382 785 4
-636 -446 749 4
-622 -468 -346 3
-245 -365 616 1
-594 -473 787 4
273 268 -611 2
504 141 -489 2
-534 -524 697 4
-702 -495 -569 3
207 243 -390 2
-564 -426 -396 3
282 178 -306 2
-583 -418 594 1
180 106 -613 2
-291 -421 -681 3
508 225 -314 2
417 56 -323 2
-371 -311 -655 3
213 63 -409 2
-285 -320 673 4
-515 -136 -713 3
-433 -682 607 1
553 59 -467 2
-636 -427 -718 3
261 19 -211 2
-426 -428 705 4
-303 -499 783 4
279 88 -325 2
-574 -532 689 1
-490 -48 -463 3
-400 -578 473 1
-568 -152 -548 3
568 199 -626 2
-307 -341 -421 3
-484 -595 762 4
-656 -388 653 1
-502 -434 589 1
543 -159 -236 2
-324 -304 -760 3
352 212 -272 2
-646 -388 603 1
494 -59 -429 2
442 23 -325 2
-621 -176 -716 3
-472 -394 -358 3
-228 -559 680 4
-582 -607 511 1
163 -60 -214 2
248 251 -388 2
-319 -478 -442 3
116 -146 -293 2
-664 -303 -731 3
366 174 -377 2
-376 -357 -416 3
-228 -539 869 4
-475 -551 679 4
-496 -373 516 1
-274 -304 754 4
-300 -242 -343 3
-381 -190 -492 3
-307 -175 -633 3
421 41 -322 2
-400 -433 -363 3
205 -21 -254 2
-550 -481 722 4
-220 -430 626 1
-351 -203 -360 3
-375 -286 691 4
-566 -179 -767 3
-508 -260 -785 3
522 97 -299 2
-632 -739 907 4
366 -57 -234 2
326 292 -352 2
-501 -99 -499 3
284 -64 -322 2
-421 -713 776 4
-513 -264 -574 3
-459 -271 -719 3
-106 -321 504 1
-375 -312 552 1
294 -44 -187 2
427 189 -489 2
-270 -482 529 1
153 9 -585 2
-592 -486 -347 3
-377 -417 -423 3
425 277 -438 2
-250 -697 629 1
-588 -227 -584 3
318 294 -458 2
-621 -401 -537 3
353 -137 -320 2
274 268 -541 2
2 482 178 0
-316 -89 -705 3
-736 -112 -363 3
-289 -423 584 1
-578 -652 688 1
549 156 -180 2
-437 -480 584 1
268 57 -270 2
-336 -160 -488 3
-708 -432 -745 3
-360 -565 498 1
402 0 -336 2
-482 -343 661 1
193 14 -341 2
510 -90 -205 2
-377 -191 -787 3
-569 -581 508 1
-450 -654 452 1
-399 -234 -444 3
519 -80 -258 2
282 -123 -241 2
331 -132 -318 2
-300 -699 538 1
-713 -190 -685 3
397 -107 -205 2
-432 -362 627 1
-347 -424 -388 3
-451 -324 -731 3
-648 -314 -458 3
-640 -444 -449 3
-512 -458 710 4
-634 -372 467 1
-201 -285 724 4
-370 -582 511 1
219 -29 -196 2
-323 -275 462 1
-647 -284 -613 3
390 -139 -424 2
-299 -488 830 4
-503 -339 829 4
-513 -455 -395 3
-239 -294 664 4
208 -32 -271 2
-607 -692 468 1
-435 -451 -720 3
166 -114 -331 2
-281 -443 555 1
309 -83 -317 2
-456 -71 -606 3
-583 -707 759 4
235 229 -373 2
508 41 -478 2
-211 -516 -34 1
128 131 -600 2
-281 -469 669 4
-367 -594 782 4
431 -50 -434 2
-493 -362 785 4
-345 -216 -646 3
-590 -115 -534 3
233 275 -305 2
289 293 -554 2
-562 -658 870 4
-439 -557 758 4
-466 -338 580 1
-634 -580 647 1
331 191 -199 2
149 -544 -329 2
363 -5 -555 2
466 32 -576 2
-462 -251 -573 3
321 -136 -397 2
475 -94 -486 2
-715 -67 -487 3
-470 -549 486 1
-687 -151 -486 3
433 149 -618 2
-654 -721 889 4
469 -417 -156 2
-437 -103 -407 3
381 -59 -344 2
356 -33 -610 2
-406 -362 886 4
-396 -420 -529 3
423 152 -357 2
-431 -209 -457 3
-235 -473 815 4
142 -13 -208 2
242 120 -464 2
-351 -402 -796 3
-354 -444 -395 3
529 161 -363 2
385 31 -447 2
458 -16 -605 2
513 181 -380 2
498 94 -314 2
153 2 -415 2
554 146 -522 2
-581 -299 798 4
208 -132 -172 2
-360 -260 -442 3
-322 -268 -339 3
-283 -255 -608 3
204 -70 -186 2
-354 -160 -524 3
121 -4 -578 2
-501 -258 -552 3
-288 -452 -640 3
-333 -380 883 4
-327 -449 696 4
128 -129 -536 2
-287 -583 739 4
-190 -499 487 1
-583 -346 -668 3
540 141 -313 2
393 62 -601 2
361 297 -571 2
178 222 -280 2
-385 -291 748 4
-527 -657 816 4
-524 -559 789 4
-537 -739 611 1
-347 -425 -444 3
-566 -321 550 1
-473 -71 -335 3
-386 -74 -518 3
-374 -632 459 1
-636 -487 652 1
-571 -293 -367 3
312 -130 -441 2
293 -46 -183 2
-411 -537 687 4
297 11 -452 2
-321 -250 -622 3
-641 -325 -452 3
547 214 -348 2
-402 -95 -575 3
308 225 656 0
-223 -304 827 4
-612 -427 -665 3
-594 -382 -577 3
-728 -134 -502 3
-577 -300 585 1
-518 -461 582 1
141 300 -527 2
-613 -457 688 1
-413 -358 449 1
-585 -500 631 1
-579 -727 606 1
241 232 -506 2
-318 -592 511 1
352 194 -470 2
-565 -593 486 1
324 -52 -207 2
-435 -395 -419 3
-197 -331 831 4
-645 -364 -545 3
-509 -158 -433 3
-683 -62 -692 3
171 -19 -510 2
-617 -393 -539 3
-396 -149 -469 3
-483 555 -60 0
-295 -338 894 4
291 249 -173 2
336 -93 -499 2
-619 -448 785 4
-595 -467 -375 3
-455 -471 -797 3
516 -1 -311 2
-281 -729 466 1
-379 -285 -347 3
-542 -282 -597 3
274 -119 -431 2
161 228 -526 2
383 164 -186 2
151 164 -285 2
-527 -381 -648 3
167 -12 -215 2
-672 -302 -776 3
-374 -196 -618 3
-309 -374 -394 3
-711 -169 -587 3
-567 -339 528 1
445 -58 -305 2
286 106 -230 2
-409 -529 700 4
-342 -367 886 4
537 -56 -230 2
167 -157 -168 2
-304 -531 841 4
262 179 -282 2
-440 -649 613 1
110 443 -461 2
-301 -643 485 1
-471 -484 704 4
-631 -399 689 1
200 -64 -318 2
-345 -141 -351 3
150 134 -265 2
-456 -266 -372 3
-437 -295 -779 3
-715 -454 -611 3
-397 -732 683 4
-476 -211 -715 3
563 17 -360 2
401 126 -604 2
-194 -371 577 1
494 247 -376 2
-436 -440 772 4
-304 -478 -734 3
556 99 -525 2
-159 -272 352 1
-295 -551 508 1
489 143 -512 2
186 -152 -461 2
-270 -300 620 1
-698 -442 -575 3
-476 -675 779 4
-482 -239 -682 3
159 84 -613 2
-564 -469 -381 3
-376 -331 -589 3
224 223 -504 2
-201 -434 723 4
341 278 -324 2
-323 -650 765 4
130 158 -594 2
-577 -307 -604 3
655 -43 616 0
-310 -412 527 1
-415 -265 -356 3
471 285 -588 2
200 81 -224 2
-538 -340 616 1
-378 -533 784 4
-564 -281 -668 3
-379 -311 -663 3
-216 -532 516 1
-705 -217 -684 3
205 80 -347 2
-727 -222 -621 3
-586 -301 540 1
-418 -719 857 4
-364 -363 -385 3
-622 -489 579 1
-420 -509 796 4
-374 -356 -577 3
149 135 -202 2
-281 -473 625 1
-708 -206 -478 3
473 -135 -613 2
-601 -722 611 1
-510 -318 -482 3
-652 -135 -439 3
-379 -511 647 1
283 -109 -308 2
-647 -345 668 1
-405 -647 614 1
-563 -153 -780 3
-472 -698 659 1
-325 -614 797 4
-531 -205 -638 3
-512 -241 -462 3
360 191 -372 2
-53 -74 294 0
-599 -470 406 1
142 78 -493 2
-498 -364 776 4
-645 -366 903 4
-389 -328 -750 3
517 215 -396 2
-652 -123 -735 3
420 269 -441 2
-570 -481 507 1
-730 -223 -676 3
271 -90 -582 2
-436 -627 575 1
-293 -459 -790 3
-291 -92 -736 3
-342 -267 -569 3
-294 -436 573 1
-724 -192 -726 3
-579 -131 -693 3
232 293 -453 2
554 -24 -203 2
-285 -285 684 4
-289 -384 575 1
-368 -361 -478 3
306 57 -622 2
-405 -180 -581 3
560 -114 -329 2
512 118 -474 2
-396 -167 -780 3
236 165 -472 2
-619 -99 -501 3
-333 -400 850 4
-415 -291 846 4
379 75 -396 2
192 -79 -366 2
-500 -123 -395 3
404 -42 -386 2
618 -542 -335 2
-531 -380 -490 3
-511 -292 -457 3
-204 -444 615 1
353 217 -462 2
-280 -408 492 1
449 99 -466 2
509 217 646 0
-258 -320 894 4
-324 -82 -390 3
-208 -608 676 4
293 139 -472 2
-698 -499 -511 3
-345 -488 889 4
-610 -561 815 4
-226 -550 732 4
-496 -50 -542 3
-697 -312 -611 3
170 63 -192 2
516 182 -177 2
-401 -404 789 4
-566 -88 -427 3
463 213 -383 2
412 -71 -315 2
-579 -450 584 1
-719 -452 -482 3
-214 -527 663 4
-298 -393 -794 3
-600 -72 -690 3
-543 -569 721 4
-612 -87 -608 3
179 275 -340 2
406 121 -543 2
-684 -374 -369 3
262 -118 -315 2
470 223 -218 2
-491 -302 682 1
-641 -410 855 4
-506 -710 758 4
-480 -436 852 4
-696 -455 -19 3
10 84 -495 2
-383 -250 -717 3
-296 -591 694 4
-329 -568 518 1
-570 -266 -581 3
172 12 -167 2
492 -99 -582 2
-219 -600 740 4
-686 334 -504 3
-536 -358 504 1
113 307 -607 2
642 358 -632 2
164 192 -358 2
-429 -673 487 1
-687 -196 -451 3
452 29 -176 2
325 -74 -514 2
112 -107 -395 2
-476 -676 729 4
218 -86 -571 2
465 -9 280 0
-669 -46 -394 3
-395 -511 794 4
359 -155 -294 2
203 83 -348 2
338 11 -515 2
-210 -544 643 4
-497 -360 -452 3
401 164 -177 2
-433 -282 900 4
391 -109 -378 2
-656 -502 -359 3
-555 -44 -503 3
111 55 -415 2
-402 -581 447 1
-368 -719 617 1
-544 -270 -688 3
-250 -494 687 4
-427 -349 470 1
-536 -485 -665 3
-326 -358 818 4
-562 -340 -620 3
-249 -657 629 1
-436 -63 -560 3
-715 -265 -636 3
-520 -73 -416 3
-521 -428 786 4
-480 -99 -436 3
-649 -156 -449 3
-529 -682 862 4
231 70 -499 2
-379 -382 -683 3
-636 -624 451 1
-457 -480 -590 3
-630 -501 -527 3
-639 -330 -468 3
262 205 -591 2
-412 -502 592 1
-407 -186 -460 3
384 246 -390 2
-701 -497 -535 3
-356 -410 -650 3
204 227 -457 2
574 -197 -529 2
242 -51 -408 2
-626 -199 -442 3
268 85 -299 2
298 113 -541 2
-304 -461 878 4
-288 -312 -467 3
-546 -370 591 1
-448 -646 559 1
-300 -660 610 1
187 144 -455 2
367 133 -177 2
-375 -351 868 4
554 283 -252 2
-487 -371 507 1
-652 -617 533 1
429 -128 -601 2
-343 -331 -491 3
-612 -674 782 4
-507 -716 745 4
340 126 -321 2
-595 -448 -784 3
313 -61 -220 2
-603 -354 818 4
-412 -577 500 1
-609 -473 462 1
-473 -460 -416 3
283 145 -595 2
513 265 -442 2
-635 -405 -576 3
-739 -148 -426 3
89 -433 696 4
-666 -445 -374 3
-579 -132 -795 3
-593 -386 487 1
533 52 -500 2
-368 -493 -586 3
-574 -254 -358 3
-411 -699 628 1
-588 -151 -791 3
-714 -111 -392 3
-583 -181 -787 3
-651 -439 674 1
-555 -648 744 4
-402 -235 -772 3
274 60 -340 2
-428 -487 -776 3
-576 -273 527 1
527 176 -389 2
-187 127 -322 2
380 299 -405 2
383 216 -612 2
-699 -176 -595 3
436 -135 -585 2
259 637 517 0
-412 -215 -607 3
209 121 -268 2
-659 -365 -622 3
-538 -705 820 4
208 207 -543 2
-334 -691 544 1
-535 -157 -769 3
-559 -735 778 4
-500 -283 803 4
423 -70 -331 2
-387 -327 518 1
-437 -293 723 4
260 256 -221 2
-717 -166 -373 3
-575 -401 -767 3
549 141 -618 2
323 29 -389 2
411 -99 -548 2
566 116 -362 2
-531 -446 -479 3
-423 -608 831 4
139 239 -617 2
477 -55 -241 2
-647 -369 -506 3
-603 -295 -764 3
-513 365 67 0
-565 -443 583 1
-461 -416 -537 3
684 590 513 0
-559 -398 -618 3
395 161 -519 2
-741 -50 -536 3
275 288 -328 2
334 71 -611 2
-497 -569 699 4
153 128 -165 2
470 -113 -233 2
190 187 -201 2
529 -302 218 2
-693 -477 -778 3
393 274 -576 2
-375 -418 541 1
208 30 -452 2
-652 -215 -531 3
-499 -377 683 1
-347 -701 718 4
-497 -190 -535 3
-423 -680 893 4
-530 -627 839 4
-421 -385 -583 3
387 119 -373 2
-312 -633 740 4
428 81 -307 2
210 40 -234 2
167 76 -386 2
335 -158 -372 2
-243 -394 893 4
-586 -422 716 4
-713 -373 -785 3
-661 -95 -797 3
-501 -392 -772 3
524 68 -204 2
-217 -546 724 4
-293 -606 494 1
-492 -367 -376 3
148 -86 -471 2
262 -47 -441 2
-603 -436 485 1
-42 -351 -604 3
-659 -187 -623 3
535 -102 -468 2
461 -40 -500 2
414 109 -482 2
-536 -140 -409 3
-274 -513 642 1
526 -104 -303 2
-626 -258 -683 3
-335 -420 793 4
522 171 -418 2
-614 -159 -437 3
-413 -179 -614 3
223 40 -343 2
-631 -443 -417 3
507 29 -614 2
-271 -575 588 1
-300 -304 890 4
-571 -436 602 1
-319 -366 686 4
-416 -600 720 4
-479 497 -221 0
184 45 -211 2
213 -108 -566 2
498 120 -375 2
-432 -701 663 4
-585 -478 586 1
282 185 -625 2
552 53 -511 2
553 -75 -458 2
-616 -116 -378 3
-715 -304 -748 3
276 -102 -554 2
-604 -50 -406 3
-580 -129 -508 3
-437 -170 -511 3
-492 -480 -364 3
-606 -322 -494 3
-699 -370 -496 3
-651 -193 -488 3
569 48 -170 2
-191 -417 545 1
315 125 -366 2
-459 -407 706 4
381 178 -373 2
278 -41 -176 2
-653 -146 -761 3
-521 -261 -714 3
-618 -678 882 4
-431 -637 695 4
-521 -491 507 1
-551 -504 546 1
-429 -420 -443 3
-714 -249 -598 3
147 276 -191 2
-460 -686 531 1
-626 -465 756 4
-592 -390 856 4
-427 -507 473 1
296 69 -202 2
562 147 -170 2
517 261 -254 2
-411 -237 -694 3
-509 -206 -587 3
-504 10 -458 3
496 -28 -431 2
-295 -123 -363 3
218 205 -412 2
232 283 -554 2
-603 -564 662 1
-439 -698 539 1
-350 -436 -460 3
-209 -654 591 1
322 263 -338 2
239 248 -521 2
-235 -397 837 4
146 178 -515 2
-253 -514 884 4
-414 -644 665 4
-582 -434 -347 3
-556 -576 683 1
-729 -312 -490 3
-413 -486 -502 3
-549 -406 614 1
446 109 -562 2
-563 -523 568 1
-715 -434 -499 3
-547 -686 652 1
-234 -422 873 4
-719 -244 -797 3
-622 -389 -710 3
-675 -278 -791 3
386 -138 -186 2
-583 -319 -524 3
-216 -686 621 1
-466 -563 634 1
-511 -191 -663 3
85 357 -184 2
-355 -586 590 1
523 98 -555 2
315 -1 -310 2
-614 -503 548 1
-380 -379 -555 3
-500 -234 -415 3
-584 -177 -663 3
-370 -438 -333 3
-596 -403 -695 3
316 -139 -236 2
555 -80 -317 2
343 -402 664 4
-696 -71 -351 3
538 -14 -454 2
-502 -328 -555 3
574 -98 -278 2
-652 -316 -785 3
-307 -429 -727 3
-345 -470 -775 3
288 -66 -310 2
-608 -142 -493 3
-335 -215 -398 3
-380 -445 512 1
-442 -314 -596 3
-291 -111 -640 3
-374 -560 877 4
568 138 -330 2
316 72 -581 2
-685 -80 -536 3
166 -32 -387 2
254 -54 -314 2
521 -54 -448 2
-418 -366 734 4
329 286 -232 2
242 290 -429 2
-545 -60 -573 3
320 -127 -351 2
-487 -378 -575 3
-262 -456 905 4
-346 -200 -629 3
-355 -116 -705 3
432 301 -228 2
-418 -602 819 4
-520 -287 -336 3
-591 -342 -722 3
409 210 -333 2
-238 -344 751 4
-520 -270 -508 3
474 222 -602 2
-678 -329 -756 3
-729 -153 -697 3
459 170 -253 2
-647 -610 746 4
312 -58 -406 2
-369 -316 887 4
-336 -206 -386 3
-592 -139 -386 3
-395 -225 -532 3
-440 -403 473 1
-378 -573 776 4
-425 -461 -401 3
-328 -554 834 4
-462 -296 -580 3
-634 -201 -703 3
-456 -279 868 4
544 -134 -359 2
-252 -275 664 4
-445 -542 753 4
-487 -532 717 4
-380 -405 760 4
379 -100 -312 2
491 136 -329 2
304 -3 -174 2
256 -101 -593 2
312 -124 -359 2
-457 -546 634 1
537 199 -304 2
-496 -524 756 4
-529 -581 539 1
-338 -614 834 4
-279 -495 -670 3
-483 -422 -786 3
125 193 -621 2
260 89 -374 2
-581 -425 -792 3
-393 -582 564 1
392 -55 -407 2
-679 -459 -482 3
272 203 -617 2
-451 -696 466 1
-481 -626 633 1
421 212 -379 2
175 -79 -515 2
410 -15 -563 2
-610 -671 590 1
-230 -551 572 1
-409 -116 -422 3
-640 -431 -389 3
-560 -362 528 1
-424 -350 -719 3
-282 -620 747 4
-362 -430 387 1
-451 -309 -786 3
-390 -667 638 1
-544 182 45 0
-321 -407 506 1
-273 -354 864 4
-351 -445 -575 3
-678 -221 -664 3
568 -57 -302 2
-640 -484 -638 3
-304 -186 -398 3
219 106 -371 2
-551 -388 -423 3
-360 -76 -706 3
-409 -61 -439 3
270 111 -318 2
379 -60 -527 2
-535 -559 675 1
-611 -595 754 4
-597 -291 -472 3
-584 -545 830 4
482 231 -543 2
371 -18 -351 2
-406 -633 908 4
131 208 -173 2
-385 -406 -634 3
-741 -58 -573 3
121 133 -206 2
-626 -296 477 1
493 252 -342 2
-567 -495 719 4
-625 -700 552 1
-551 -610 793 4
-298 -174 -697 3
-290 -278 436 1
-423 -398 864 4
-242 -482 819 4
549 16 -241 2
-694 -468 -359 3
-299 -623 755 4
446 255 -180 2
432 -159 -427 2
-471 -169 -628 3
-587 -562 466 1
-398 -310 658 1
-275 463 -140 0
-338 -211 -473 3
-468 -407 644 1
479 104 -575 2
-587 -413 -524 3
-429 -305 633 1
-443 -222 -416 3
-506 -521 468 1
-624 -464 702 1
-445 -572 592 1
466 49 -594 2
-356 -131 -713 3
-638 -83 -641 3
216 223 -389 2
-333 -410 -470 3
-437 -115 -633 3
576 -36 -613 2
-450 -282 -394 3
-496 -369 867 4
478 -150 -553 2
-582 -594 689 1
-552 -485 -614 3
471 210 -228 2
-217 -672 490 1
-522 -466 -683 3
-730 -333 -758 3
-210 -306 663 4
527 215 -436 2
371 -40 -321 2
436 286 -606 2
-355 -517 903 4
-503 -111 -471 3
-323 -533 832 4
-731 -78 -386 3
478 287 -609 2
-415 -581 867 4
-320 -527 601 1
286 245 -282 2
-376 -282 -443 3
214 218 -547 2
-357 -459 692 4
-290 -472 -612 3
272 177 -516 2
-374 -454 819 4
-597 -69 -455 3
-375 -297 -332 3
-482 -153 -427 3
-539 -465 -561 3
-471 -486 -729 3
-536 -393 -422 3
-556 -93 28 3
-538 -704 701 4
-301 -718 455 1
-376 -562 617 1
-221 -726 864 4
451 130 -590 2
312 -118 -484 2
310 144 -166 2
-466 -417 730 4
-360 -60 -631 3
127 264 -533 2
-674 -164 -733 3
-700 -133 -790 3
174 -130 -536 2
-488 -196 -697 3
551 202 -219 2
-422 -334 276 1
-356 -506 -571 3
450 -97 -463 2
342 -103 -199 2
436 150 -319 2
313 -93 -527 2
-398 -605 495 1
-732 -464 -679 3
-329 -562 728 4
174 -17 -608 2
-436 -668 644 1
-417 -188 -515 3
122 80 -333 2
673 -388 -87 2
-395 -301 -561 3
-396 -316 510 1
-423 -99 -670 3
-661 -328 -374 3
-247 -280 864 4
-302 -203 -651 3
113 222 -338 2
-285 -206 -393 3
-437 -429 -379 3
-527 -460 -383 3
365 -22 -464 2
-574 -573 540 1
-591 -516 571 1
-361 -376 -710 3
-371 -75 -591 3
556 273 -527 2
-245 -654 525 1
196 207 -599 2
352 209 -575 2
-719 -90 -359 3
-269 -583 899 4
422 110 -405 2
-333 -462 -498 3
202 145 -522 2
-479 -288 897 4
-440 -522 902 4
115 505 -164 0
-496 -722 505 1
437 647 320 0
111 -144 -412 2
-258 -686 551 1
-651 -361 -454 3
-447 -377 607 1
-601 -498 -620 3
322 -13 -228 2
-33 -664 237 1
542 285 -533 2
-451 -55 -498 3
426 75 -202 2
-469 -543 795 4
-354 202 492 0
306 621 -649 2
568 97 -267 2
-293 -460 -341 3
157 246 -541 2
438 249 -330 2
-437 -212 -572 3
-269 -427 547 1
-296 -353 789 4
121 55 -398 2
-232 -461 663 4
-227 -726 711 4
-599 -219 -597 3
-585 -430 770 4
-575 -478 -379 3
-344 -259 -388 3
-427 -488 857 4
-364 -223 -639 3
216 -147 -185 2
130 -137 -243 2
-650 -672 887 4
554 5 -318 2
-415 -45 -762 3
-603 -419 675 1
374 201 -319 2
-651 -340 596 1
321 112 -446 2
299 252 -626 2
-433 -626 706 4
550 191 -310 2
-435 -568 567 1
-346 -465 -459 3
249 124 -552 2
-377 -230 -785 3
-604 -713 610 1
-652 -430 -670 3
-263 250 372 0
438 537 -543 2
474 -123 -422 2
-253 -458 907 4
-285 -254 -509 3
-649 446 418 0
-503 -371 555 1
-503 -394 -479 3
-464 -555 685 4
534 264 -201 2
-477 -549 602 1
-542 -532 532 1
-354 -492 526 1
-616 -479 820 4
-360 -386 -497 3
423 -108 -546 2
-619 -173 -791 3
477 -125 -351 2
187 -138 -327 2
-321 -605 485 1
-736 -321 -746 3
-402 -268 -667 3
-458 -398 -630 3
-341 58 117 0
-648 -447 895 4
-538 -253 -457 3
-283 661 274 0
-561 -170 -472 3
231 177 -419 2
-495 -368 704 4
-626 -569 684 1
-578 -93 -623 3
-392 -329 592 1
-304 -437 469 1
426 247 -204 2
-582 -239 -541 3
-601 -296 445 1
-639 -509 -343 3
282 -127 -190 2
-726 -405 -691 3
-585 -492 910 4
197 22 -485 2
-623 -512 850 4
571 215 -420 2
-584 -136 -634 3
-638 -462 -576 3
526 258 -288 2
339 60 -523 2
-613 -102 -655 3
-513 -423 467 1
257 295 -237 2
-467 -154 -693 3
-257 -295 647 1
469 -85 -529 2
339 -109 -244 2
-619 -504 685 1
-381 -348 -634 3
474 -278 -242 2
-481 -341 487 1
-584 -355 -534 3
-381 -493 -394 3
313 196 -457 2
-391 -122 -727 3
459 -77 -401 2
-631 -184 -545 3
440 73 -437 2
174 201 -322 2
-405 -666 767 4
364 306 293 0
271 272 -196 2
-651 -335 -391 3
139 164 -296 2
135 181 -251 2
-500 -492 -615 3
-509 -415 -599 3
303 -88 -558 2
-620 -400 -352 3
-421 -274 659 1
-629 -666 852 4
-269 -594 628 1
-208 -678 574 1
224 -100 -302 2
-621 -345 744 4
361 -159 -219 2
544 -149 -595 2
-419 -69 -783 3
492 -146 -239 2
-624 -144 -475 3
-294 -485 474 1
-661 -313 268 1
-602 -361 -762 3
112 -80 -516 2
-308 -398 -717 3
-347 -410 -787 3
479 157 -380 2
467 121 -402 2
-333 -454 821 4
-488 -380 -765 3
-629 -429 666 1
275 -45 -441 2
499 185 -268 2
-322 -374 -454 3
145 115 -393 2
-454 -280 549 1
-399 -445 -501 3
-339 -316 -490 3
232 -127 -505 2
-639 -92 -583 3
-370 -506 607 1
525 -26 -407 2
263 -78 -169 2
-349 -409 697 4
516 143 -305 2
-527 -289 898 4
-491 -187 -644 3
514 -65 -603 2
119 -70 -472 2
-679 -137 -395 3
-605 -175 -415 3
-656 -590 449 1
-320 -532 504 1
200 -56 -270 2
-570 -380 897 4
249 -29 -583 2
-711 -483 -522 3
-406 -615 812 4
-407 -423 -686 3
344 -45 -347 2
-466 -503 501 1
173 88 -609 2
496 173 -414 2
415 37 -457 2
-360 -656 566 1
-578 -275 623 1
218 52 -263 2
-411 -455 783 4
-429 -482 579 1
-571 -620 884 4
-477 -333 -681 3
184 215 -266 2
-302 -172 -788 3
-223 -622 900 4
-369 -452 -789 3
-587 -361 711 4
-593 -91 -611 3
438 -117 -268 2
368 228 -250 2
228 304 -325 2
545 264 -545 2
447 244 -502 2
-463 -419 903 4
-449 -416 687 4
162 -124 -454 2
566 129 -441 2
-512 -483 874 4
-319 -158 -613 3
-622 -251 -391 3
380 -10 -233 2
-319 -699 661 4
223 257 -311 2
78 168 10 0
241 154 -240 2
268 166 -430 2
-78 -93 364 0
-361 -506 -796 3
282 306 -277 2
-403 -283 483 1
414 115 -595 2
-501 -350 -501 3
-318 -55 -751 3
-202 -357 839 4
406 167 -602 2
-310 -267 -538 3
-218 -697 611 1
-657 -110 -543 3
245 133 -603 2
-333 -181 -606 3
436 159 -225 2
-641 -74 -767 3
268 205 -452 2
-425 -217 -520 3
-374 -518 896 4
-481 -81 -787 3
-548 -96 -735 3
-445 -201 -710 3
-550 -664 613 1
482 -105 -593 2
-703 -256 -570 3
-335 -77 -342 3
-353 -341 -798 3
-732 -445 -519 3
-432 -218 -524 3
-301 -402 627 1
153 -135 -299 2
476 -46 -453 2
203 108 -173 2
-428 -570 743 4
167 145 -629 2
427 146 -441 2
308 196 -255 2
-335 -517 821 4
-620 -420 -769 3
526 144 -340 2
-345 -313 699 4
-349 -360 606 1
209 305 -180 2
-621 -445 582 1
-375 -712 618 1
-376 -448 -725 3
-653 -710 703 4
-585 -645 525 1
-547 -460 832 4
550 106 -190 2
-431 -430 610 1
255 174 -305 2
-237 -580 662 4
-652 -400 493 1
-362 -475 -742 3
-512 -468 -483 3
326 53 -366 2
-369 -70 -746 3
-642 -517 671 1
164 -95 -220 2
-697 -353 -520 3
-357 -98 -441 3
-203 -575 851 4
-710 -423 -741 3
-540 -653 584 1
-732 -434 -588 3
380 150 -272 2
-449 -401 446 1
180 200 -290 2
-223 -407 514 1
-558 -384 -668 3
230 57 -354 2
407 283 -427 2
629 208 -585 2
-724 -237 -605 3
-506 -64 -334 3
-619 -587 640 1
-549 -233 -713 3
-476 -334 -610 3
182 200 -626 2
-510 -556 556 1
130 286 -471 2
-604 -440 -648 3
-702 -145 -728 3
-523 -201 -755 3
-424 -300 -567 3
364 -42 -500 2
-513 -60 -422 3
338 65 -608 2
-676 -269 -598 3
444 95 -463 2
481 259 -250 2
-327 -203 -632 3
-258 -414 885 4
128 -78 -622 2
-280 -329 691 4
-206 -629 648 4
-520 -248 -505 3
-528 -464 583 1
532 28 -171 2
-488 -566 463 1
-510 -524 684 1
314 591 614 0
545 -34 -524 2
203 -67 -174 2
-527 -661 562 1
-265 -418 606 1
234 -108 -181 2
480 -7 -228 2
395 -148 -231 2
-470 -278 658 1
425 141 -466 2
456 -55 -435 2
-353 -481 685 4
286 44 -279 2
150 300 -267 2
-460 -629 618 1
655 -447 -269 2
-536 -702 508 1
336 21 -596 2
-301 -65 -545 3
-584 -224 -747 3
158 -149 -269 2
-624 -84 -561 3
244 89 -590 2
541 131 -424 2
451 0 -516 2
280 153 -432 2
-652 -509 570 1
-692 -74 -532 3
425 276 -456 2
-609 -701 466 1
171 -106 -253 2
-403 -223 -525 3
-645 -54 -556 3
-567 -264 698 1
-595 -652 743 4
-640 -500 -443 3
285 117 -325 2
-518 693 312 0
-616 -581 737 4
376 236 -252 2
-425 -176 -437 3
-687 -63 -716 3
461 245 -548 2
-588 -394 645 1
-504 -443 652 1
-262 -288 717 4
-546 -51 -520 3
274 -48 -187 2
-356 -583 910 4
-546 -706 822 4
-449 -475 -409 3
-691 -89 -410 3
-563 -350 -377 3
-626 -334 486 1
-540 -110 -724 3
-531 -594 598 1
-326 -489 -545 3
-449 -213 -402 3
-610 -674 612 1
-525 -339 -484 3
-497 -527 610 1
-535 -275 631 1
-401 -454 -737 3
350 -90 -251 2
-520 -692 547 1
-466 -424 -749 3
-292 -717 598 1
-315 -322 574 1
-529 -324 807 4
-634 -494 -458 3
-429 -509 532 1
-365 -124 -426 3
380 -77 -567 2
-407 -467 -430 3
-425 -718 867 4
-321 -517 786 4
-419 -463 649 1
-459 -333 -613 3
-692 -265 -621 3
-713 -464 -776 3
139 -133 -576 2
-239 -378 552 1
-681 -267 -723 3
-617 -533 553 1
-211 -382 489 1
-626 -331 559 1
-221 -398 573 1
173 -144 -271 2
345 180 -467 2
-427 -140 -483 3
-532 -99 -647 3
-385 -351 -721 3
-410 -396 645 1
313 214 -177 2
452 166 -606 2
-563 -386 -639 3
-648 395 503 0
-508 -439 732 4
137 218 -608 2
-626 -511 487 1
202 96 -432 2
-597 -265 -338 3
-497 -278 874 4
220 76 -607 2
-647 -575 627 1
-582 -565 836 4
363 -110 -459 2
-431 -628 613 1
-266 -692 838 4
-575 -674 704 4
-313 -259 -659 3
181 193 -619 2
151 201 -324 2
-443 -141 -607 3
-306 -312 621 1
-573 -468 -539 3
132 -26 -332 2
-505 -66 -652 3
-205 -714 504 1
338 16 -392 2
-439 145 -280 3
-389 -316 -490 3
-379 -566 556 1
-657 -60 -650 3
-735 -486 -337 3
-548 -559 803 4
-520 -359 -453 3
230 -69 -405 2
-204 -494 866 4
-317 -658 661 4
-280 -316 -512 3
-323 -420 508 1
-622 -202 -469 3
-481 -138 -683 3
-289 -581 501 1
-532 -94 -688 3
-486 -310 -524 3
-686 -405 -732 3
542 118 -327 2
-315 -394 -646 3
148 23 -523 2
-412 -393 -715 3
-711 -504 -574 3
-724 -73 -461 3
-253 -476 683 4
-216 -404 490 1
-522 -334 566 1
-326 -198 -386 3
-609 -204 -542 3
362 -145 -348 2
119 -17 -163 2
-517 -442 901 4
410 269 -558 2
503 134 -180 2
-192 -691 880 4
196 253 -579 2
-400 -589 705 4
447 65 -436 2
-309 -519 588 1
-555 -548 618 1
-364 -477 -706 3
-420 -170 -545 3
400 158 -306 2
-523 -469 -350 3
-483 -276 910 4
-336 -534 707 4
497 182 -466 2
-208 -373 806 4
-477 -114 -686 3
-715 -297 -772 3
326 -13 -624 2
-390 -633 861 4
-284 -364 -554 3
-281 -49 -632 3
236 -83 -365 2
-328 -406 -579 3
-608 -49 -345 3
-490 -399 746 4
-340 -479 853 4
-642 -330 804 4
220 212 -276 2
-377 -529 706 4
-529 -399 -410 3
-572 -330 -505 3
431 174 -242 2
-452 -402 758 4
-642 -706 636 1
-430 -450 843 4
474 141 -478 2
333 245 -176 2
-678 -247 -476 3
312 218 -166 2
560 -11 -196 2
-579 -340 827 4
577 -120 -518 2
-352 -147 -414 3
-213 -410 457 1
-321 -216 -793 3
151 -131 -598 2
-528 -391 618 1
185 -63 -420 2
-336 -336 -459 3
-573 -488 646 1
-360 -403 775 4
393 174 -542 2
-311 -667 838 4
468 -142 -263 2
342 200 -529 2
-501 -420 -349 3
530 301 -273 2
-566 -448 665 1
-297 -280 737 4
429 179 -417 2
-434 -355 651 1
545 60 -301 2
-589 -78 -431 3
560 249 -436 2
291 237 -311 2
-606 -675 575 1
-302 -635 463 1
-398 -703 835 4
-382 -296 -579 3
-453 -474 -633 3
237 -30 -386 2
483 -75 -475 2
-722 -301 -490 3
-336 -665 729 4
197 50 -282 2
550 277 -326 2
-332 -442 632 1
269 -145 -344 2
-387 -226 -713 3
-519 -337 -597 3
521 -85 -399 2
-586 -261 -421 3
-724 -415 -579 3
-262 -585 733 4
562 280 -181 2
-433 -731 659 1
-670 -48 -567 3
-236 -547 721 4
-377 -502 683 4
-623 -48 -556 3
-551 -335 775 4
-599 -624 736 4
296 158 -270 2
501 -159 -376 2
456 -16 -245 2
-305 -490 -623 3
266 152 -256 2
445 81 -440 2
-547 -721 827 4
268 151 -585 2
-461 -412 -727 3
565 235 -209 2
534 109 -175 2
-635 -476 624 1
-452 455 13 0
-387 -527 841 4
374 631 444 0
568 86 -475 2
472 204 -183 2
-652 -52 -479 3
290 65 -477 2
-706 -170 -702 3
-503 -405 803 4
-603 -275 -780 3
-552 -194 -451 3
-426 -79 -735 3
-580 -584 529 1
-211 -615 835 4
-560 -71 -661 3
-244 -398 732 4
-679 -452 -485 3
-308 -624 847 4
-326 -460 -399 3
-586 -645 848 4
-481 -348 -413 3
249 133 -529 2
-641 -345 752 4
486 100 -363 2
-561 -551 544 1
-347 -316 639 1
-158 69 -110 0
-377 -198 -659 3
-508 -418 -408 3
126 111 -323 2
-629 -272 -704 3
-353 -455 551 1
-668 -55 -528 3
118 0 -430 2
317 306 -401 2
-460 -472 -368 3
-564 -211 -290 3
-333 -388 -789 3
-710 -329 -600 3
344 152 -405 2
-234 -494 807 4
-481 -537 490 1
-489 -567 649 1
-647 -497 719 4
-646 -148 -581 3
-380 -567 838 4
-506 -702 486 1
185 158 -340 2
457 201 -285 2
280 209 -520 2
452 -78 -315 2
-644 -655 536 1
-430 -179 -610 3
-199 -476 837 4
570 148 -532 2
-251 -430 620 1
-345 -176 -538 3
-632 -650 765 4
-643 -725 497 1
572 -143 -509 2
527 -60 -352 2
522 -59 -564 2
-634 -517 495 1
-294 -647 761 4
-327 -458 -614 3
-478 -70 -494 3
309 -50 -171 2
-307 -74 -366 3
-309 -280 -547 3
-318 -78 -383 3
-662 -435 -687 3
182 138 -364 2
229 163 -483 2
-421 -420 733 4
140 53 -580 2
407 115 -310 2
-280 -380 -418 3
-232 -530 619 1
547 169 -360 2
-640 -486 816 4
446 175 -377 2
133 289 -398 2
404 75 -323 2
210 133 -452 2
-216 -493 518 1
-676 -285 -611 3
-487 -444 768 4
154 237 -195 2
428 200 -406 2
359 9 -272 2
-347 -424 813 4
398 -64 -307 2
-565 -190 -375 3
-720 -200 -714 3
555 125 -620 2
-555 -330 -473 3
-446 -175 -493 3
-25 -5 52 0
-340 -463 768 4
-279 -388 -643 3
216 235 -217 2
415 10 538 0
428 110 -522 2
191 211 -619 2
568 -73 -580 2
-576 -271 -486 3
195 239 -364 2
289 -32 -283 2
430 203 -589 2
547 64 -604 2
-243 -550 703 4
-206 -539 828 4
-374 -318 659 1
-579 -136 -491 3
268 234 -555 2
-536 -88 -537 3
-511 -328 -413 3
-737 -123 -456 3
-642 -627 755 4
-604 -230 -436 3
262 171 -241 2
-598 -418 645 1
402 -98 -375 2
487 256 -488 2
-206 -536 691 4
122 116 -170 2
-614 -235 -783 3
-326 -621 710 4
571 -43 -431 2
489 49 -497 2
433 204 -618 2
426 283 -293 2
-647 -461 840 4
242 -110 -358 2
288 51 -290 2
-491 -533 795 4
-623 -319 697 1
370 -118 -357 2
-395 -321 505 1
573 49 -303 2
-322 -492 805 4
-288 -299 -586 3
-270 -403 446 1
-440 -335 823 4
-438 -221 -652 3
-482 -65 -582 3
-323 -703 724 4
-737 -192 -555 3
307 239 -209 2
-342 -357 473 1
-714 -163 -496 3
-448 -626 618 1
-593 -297 -688 3
576 162 -498 2
-124 43 -492 2
534 200 -571 2
-728 -161 -537 3
-570 -387 -609 3
412 64 -600 2
-299 -497 467 1
-415 -469 -627 3
-298 -703 453 1
571 -46 -180 2
460 2 -179 2
320 -75 -524 2
-370 -168 -479 3
-512 -440 -542 3
397 -80 -269 2
-548 -714 726 4
-429 -327 -560 3
500 -62 -617 2
-595 -68 -789 3
-738 -495 -798 3
-654 -437 -676 3
-510 -405 -428 3
-576 -205 -693 3
558 -80 -276 2
445 238 -576 2
-505 -213 -540 3
-516 -165 -579 3
-428 -284 462 1
626 247 667 0
119 53 -612 2
444 194 -571 2
398 -126 -591 2
496 155 -261 2
-490 -498 465 1
-494 -294 -791 3
476 -105 -534 2
230 -152 -617 2
-299 -568 585 1
-383 -657 454 1
-657 -220 -621 3
-308 -434 471 1
-710 -314 -378 3
-630 -397 -366 3
-314 -268 -674 3
-683 -451 -387 3
-430 -589 748 4
-712 -469 -360 3
-257 -596 728 4
-702 -379 -734 3
-424 -311 -792 3
-638 -65 -657 3
-732 -176 -526 3
259 237 -402 2
-391 -63 -564 3
-499 -330 602 1
-368 -226 -480 3
-397 -80 -472 3
-540 -470 -429 3
-500 -689 463 1
444 241 -201 2
-386 -241 -723 3
-274 -636 738 4
-291 -538 654 4
441 168 -479 2
-475 -202 -460 3
-407 -491 459 1
-446 -673 456 1
407 -118 -199 2
117 25 -183 2
413 201 -308 2
-345 -468 625 1
127 -143 -590 2
-699 -497 -592 3
400 105 -246 2
-270 -623 669 4
-280 -484 583 1
-291 -349 -678 3
-400 -535 737 4
155 287 -505 2
-207 -357 536 1
-474 -585 -575 3
449 75 -619 2
-294 -132 -655 3
-498 -707 567 1
542 183 -262 2
-196 -468 -356 3
-610 -338 -553 3
-611 -371 -422 3
-291 -409 719 4
-501 -456 -337 3
-627 -720 758 4
-701 -85 -640 3
-431 -280 -601 3
-497 -422 712 4
-630 -636 687 1
411 -21 -565 2
-638 -320 -488 3
-417 -592 547 1
261 170 -338 2
-382 -729 606 1
550 -18 -394 2
-469 -456 -499 3
118 51 -477 2
-487 -634 892 4
-442 -146 -370 3
373 220 -356 2
-581 -394 529 1
390 29 -375 2
410 285 -562 2
-461 -621 907 4
-288 -557 787 4
-278 -526 908 4
-225 -408 832 4
-596 -572 470 1
-727 -415 -666 3
-340 -496 -455 3
127 107 -584 2
-495 -497 -690 3
477 165 -581 2
-562 -343 751 4
-438 -392 -653 3
-454 -428 -393 3
238 122 -419 2
-309 -248 -593 3
357 156 -430 2
-332 -397 849 4
-396 -495 -745 3
-636 -54 -520 3
-299 -444 -355 3
477 77 -181 2
-219 -609 716 4
-540 -499 539 1
139 -78 -604 2
255 578 181 0
-700 -413 -769 3
540 -40 -201 2
-442 -377 -797 3
405 87 -562 2
-356 -636 797 4
-518 -387 771 4
-428 -416 -410 3
436 274 -235 2
408 267 -626 2
-711 -97 -643 3
-316 -583 831 4
-262 -324 533 1
329 20 -197 2
362 262 -215 2
309 220 -294 2
427 -30 -249 2
-283 -613 680 4
545 286 -285 2
-304 -347 -684 3
-213 -593 836 4
530 244 -464 2
-369 -477 452 1
147 128 -611 2
-699 -664 305 1
263 -48 -534 2
-337 -235 -411 3
-436 -109 -699 3
233 168 -279 2
-674 -326 -413 3
419 76 -559 2
247 26 -284 2
383 281 -297 2
-313 -626 837 4
466 261 -607 2
455 28 -503 2
-602 -368 -511 3
-472 -416 694 4
-648 -224 -687 3
-574 -354 664 1
447 42 -345 2
-284 -490 555 1
523 -91 -225 2
-627 -308 830 4
474 219 -243 2
-613 -652 650 1
-404 -447 806 4
-732 -268 -460 3
-193 -311 757 4
-393 -316 635 1
-218 -631 558 1
-709 -103 -793 3
257 234 -382 2
-453 -512 791 4
347 162 -502 2
-330 -450 857 4
509 -5 -606 2
343 -80 -569 2
-290 -195 -791 3
340 252 -623 2
-645 -448 597 1
-477 -504 644 1
-425 -443 -421 3
-429 -335 447 1
-285 -78 -795 3
-290 -448 -603 3
-510 -166 -640 3
-371 -467 -526 3
-570 -670 565 1
-551 -268 -383 3
-456 -325 -700 3
-500 -187 -713 3
-486 -379 -596 3
560 -90 -167 2
-293 -574 861 4
-318 -252 -581 3
-439 -739 731 4
284 239 -420 2
573 93 -583 2
337 -660 -485 2
-449 -322 -649 3
-618 -322 806 4
275 -6 -545 2
-520 -320 -375 3
-544 -366 -576 3
-680 -63 -630 3
361 -159 -418 2
-502 -490 -631 3
-570 -457 726 4
-712 -79 -664 3
-331 -461 -503 3
-283 -724 866 4
-643 -411 854 4
-518 -69 -393 3
-686 -127 -694 3
-504 -158 -654 3
-536 -441 -674 3
185 219 -341 2
-319 -497 -547 3
342 84 -230 2
157 108 -257 2
-658 -503 -761 3
597 -579 670 4
-523 -646 742 4
-387 -421 539 1
-317 -242 -529 3
129 -68 -471 2
-533 -334 678 1
346 239 -574 2
440 -32 -551 2
470 189 -306 2
-399 -238 -440 3
-674 -325 -355 3
-397 -367 -669 3
-732 -162 -607 3
220 146 -224 2
-609 -496 -452 3
-499 -408 732 4
278 112 -588 2
-548 -570 476 1
187 -95 -212 2
149 251 -230 2
-528 -172 -590 3
-514 -187 -372 3
-466 -637 508 1
-413 -235 -500 3
-191 -377 873 4
-403 -63 -389 3
-493 -123 -697 3
-562 -471 -485 3
-262 -546 696 4
248 -13 -567 2
-616 -425 677 1
-32 -48 252 0
252 123 -270 2
562 205 -187 2
235 -70 -470 2
-479 -482 710 4
-402 -288 -406 3
-418 -672 905 4
-729 -157 -677 3
-490 -270 -449 3
-560 -51 -783 3
650 -184 -17 2
-589 -575 816 4
304 -5 -568 2
332 -33 -340 2
-325 -400 -721 3
285 39 -498 2
518 -14 -446 2
228 101 -249 2
400 -13 -219 2
251 91 -180 2
344 -12 -501 2
-360 -722 876 4
-353 -480 677 4
-681 -80 -675 3
-589 -694 759 4
-622 -500 714 4
-740 -206 -620 3
210 -79 -269 2
-556 -435 502 1
-338 -354 -362 3
-310 -501 862 4
165 -206 618 0
-357 -455 625 1
206 281 -175 2
-201 -291 674 4
-363 -289 -476 3
343 234 -606 2
-441 -701 564 1
-282 -264 -563 3
-561 -474 903 4
-363 -468 521 1
-206 -528 497 1
-584 -689 901 4
-369 -605 686 4
-326 -289 -473 3
-647 -372 544 1
-655 -305 -497 3
-671 -406 -359 3
-653 -381 646 1
-637 -591 479 1
-302 -195 -605 3
-544 -314 613 1
-357 -49 -566 3
484 -4 -376 2
-277 -346 715 4
169 129 -443 2
-596 -585 736 4
151 68 -413 2
-474 -686 613 1
-390 -292 -713 3
-468 -291 504 1
-474 -304 -552 3
-217 -303 901 4
193 -124 -264 2
545 -59 -393 2
-679 -408 -365 3
442 -91 -459 2
-248 -710 682 4
-420 -725 519 1
-381 -416 -409 3
-237 -487 534 1
-391 -654 681 4
-678 -447 -607 3
-430 -169 -793 3
543 -29 -580 2
-338 -619 856 4
-582 -191 -609 3
-288 -325 747 4
-339 -396 565 1
476 134 -606 2
-642 -352 -363 3
264 128 -409 2
340 -25 -181 2
-662 -504 -708 3
-563 -411 606 1
-543 -230 -537 3
194 19 -498 2
-332 -151 -452 3
359 105 -315 2
317 -35 -499 2
-277 -663 878 4
116 -103 -173 2
-563 -586 756 4
279 -88 -165 2
248 304 -597 2
523 291 -535 2
-690 -428 -761 3
510 272 -200 2
-518 -56 -724 3
-573 -127 -770 3
262 70 -320 2
563 282 -513 2
377 -51 -603 2
-566 -316 -707 3
454 -8 -347 2
-611 -345 -634 3
-318 -192 -728 3
-529 -343 -711 3
-653 -359 763 4
374 -103 -195 2
-602 -668 724 4
152 -32 -214 2
569 -44 -548 2
-598 -624 512 1
301 -148 -588 2
-309 -226 -672 3
-449 -314 -699 3
202 -81 -619 2
-499 -341 649 1
-378 -600 635 1
-493 -358 545 1
448 -69 -597 2
-587 -414 492 1
-538 -140 -738 3
407 -28 -194 2
-484 -549 898 4
592 19 -372 2
-593 -325 754 4
-364 -534 576 1
-480 -478 -714 3
-489 -612 586 1
-672 -193 -402 3
-302 -369 -581 3
-135 204 -489 2
483 57 -603 2
412 -104 -254 2
-524 -649 755 4
-433 -375 890 4
-381 -287 -707 3
-351 -293 629 1
-579 -514 775 4
-724 -210 -462 3
-617 -356 -558 3
-297 -301 -339 3
-213 -686 785 4
570 288 -362 2
-340 -642 654 4
-238 -450 577 1
467 124 -260 2
-666 -326 -642 3
460 179 -470 2
-547 -474 -649 3
555 48 -619 2
447 -96 -344 2
-308 -696 461 1
-200 -739 855 4
364 123 -395 2
383 8 -310 2
358 95 -302 2
-486 -224 -525 3
-460 -209 -333 3
-558 -286 728 4
-588 -450 -384 3
-326 -268 -617 3
-357 -571 824 4
-326 -628 769 4
-583 -288 -704 3
-688 -171 -631 3
-491 -354 -586 3
439 109 -448 2
-390 -382 -728 3
415 269 -617 2
-557 -441 857 4
-643 -111 -523 3
-290 204 -211 0
-449 -418 900 4
220 -51 -415 2
-321 -110 -701 3
-381 -572 651 1
-676 -300 -559 3
383 123 -388 2
-560 -488 634 1
-474 -657 718 4
410 147 -496 2
147 -68 -507 2
309 -117 -493 2
-525 -239 -358 3
-581 -304 -554 3
-422 -311 484 1
268 -41 -347 2
-476 -643 753 4
208 242 -503 2
389 233 -473 2
-528 -572 456 1
-500 -85 -576 3
-273 -476 777 4
495 274 -531 2
-361 -343 497 1
158 -121 -416 2
154 680 366 0
-530 -248 -479 3
128 -10 -418 2
-730 -502 -626 3
-728 -225 -662 3
442 -20 -166 2
236 10 -437 2
204 259 -502 2
236 136 -569 2
-599 -636 660 1
-383 -323 600 1
-370 -440 -730 3
414 -88 -334 2
263 45 -263 2
-477 -509 865 4
410 291 -372 2
-434 -362 502 1
-544 -384 574 1
211 275 -428 2
-298 -179 -596 3
571 185 -368 2
378 206 -206 2
551 10 -610 2
-376 -74 -776 3
112 -11 -490 2
-459 -705 780 4
-575 -447 -522 3
-702 -261 -675 3
-327 -509 830 4
-539 -114 -371 3
165 -30 -431 2
328 289 -193 2
-695 -397 -554 3
-557 -433 855 4
-451 -345 543 1
-407 -394 501 1
341 -122 -326 2
-523 -447 -725 3
-201 -575 457 1
-506 -456 789 4
-370 -361 -384 3
358 -57 -360 2
-398 -133 -679 3
-463 -282 535 1
466 115 -532 2
-650 -398 -420 3
-378 -393 -575 3
-616 -463 -462 3
350 -63 -579 2
-577 -86 -370 3
-240 -560 857 4
-630 -366 -541 3
-222 -471 576 1
451 -60 -255 2
-67 -640 -190 3
-347 -440 -756 3
449 212 -435 2
-469 -365 -358 3
-641 -349 -360 3
-397 -674 587 1
236 65 -527 2
-366 -53 -390 3
-508 -358 556 1
-385 -455 -728 3
-604 -156 -428 3
-551 -279 640 1
147 303 -580 2
-423 -477 -558 3
-414 -489 -396 3
349 98 -475 2
-376 -381 764 4
-342 -690 593 1
-662 -445 -723 3
-547 -560 907 4
-368 -460 458 1
-359 -424 -440 3
-588 566 456 0
-277 -701 459 1
-286 -425 -723 3
-208 -494 585 1
475 92 -386 2
-319 -439 711 4
-379 -389 909 4
-376 -628 633 1
-574 -347 -773 3
-381 -51 -341 3
167 194 -618 2
-537 -581 701 4
-468 -87 -563 3
543 60 -218 2
572 -132 -258 2
470 -81 -583 2
-480 -274 540 1
-729 -412 -591 3
503 -106 -285 2
-281 -425 826 4
157 16 -351 2
282 2 -380 2
-579 -430 584 1
-655 -129 -760 3
231 184 -478 2
489 175 -405 2
516 44 -308 2
630 9 -668 2
494 273 -495 2
513 186 -379 2
-357 -87 -564 3
-191 -557 505 1
519 -319 605 0
188 302 -424 2
-195 -483 856 4
-242 -311 499 1
-363 -469 653 1
-426 -412 -447 3
-570 -673 570 1
484 -147 -306 2
-540 -695 834 4
-542 -214 -474 3
-481 -732 752 4
699 525 411 0
460 43 -230 2
-704 -197 -664 3
-591 -142 -631 3
-579 -639 659 1
-234 -443 725 4
-612 -644 787 4
-743 -108 -631 3
123 69 -495 2
-204 -342 735 4
326 -6 -434 2
153 150 -606 2
-193 -496 820 4
-573 -326 -553 3
502 7 -451 2
-423 -80 -651 3
426 -85 -548 2
-719 -97 -637 3
-240 -552 820 4
-478 -329 782 4
-381 -366 -616 3
-430 -376 662 1
-600 -234 -409 3
-450 -195 -640 3
345 194 -468 2
-714 -355 -719 3
277 183 -353 2
-349 -738 865 4
471 269 -438 2
563 76 -513 2
-541 -59 -534 3
-213 -659 815 4
-379 -527 862 4
-311 -351 864 4
-454 -262 -633 3
-352 -381 -740 3
-585 -209 -490 3
479 246 -372 2
-465 -293 -455 3
-264 -653 772 4
-604 -225 -421 3
-567 -194 -353 3
509 -114 -339 2
-471 -732 743 4
-421 -460 784 4
-515 -378 -541 3
316 149 -397 2
-646 -347 -642 3
269 7 -356 2
476 -22 -425 2
-677 -130 -507 3
-411 -509 823 4
-518 -501 566 1
-370 -607 821 4
-549 -242 -642 3
-601 -669 603 1
214 343 -624 2
300 22 -562 2
-612 -480 551 1
-724 -229 -781 3
384 18 -228 2
-445 -568 577 1
-415 -645 771 4
-609 -388 -515 3
542 -110 -489 2
-628 -690 681 1
181 67 -404 2
-464 -169 -769 3
-632 -470 564 1
-336 -713 724 4
136 18 -216 2
-635 -459 -724 3
442 -42 -216 2
465 288 -436 2
-541 -601 768 4
-665 -154 -428 3
-277 -377 858 4
-223 -543 899 4
567 -141 -607 2
-528 -673 606 1
-382 -400 -597 3
-506 -634 708 4
488 -96 -614 2
-507 -535 493 1
-601 -294 -480 3
425 -153 -397 2
-735 -57 -692 3
354 259 -168 2
-318 -365 851 4
-253 -575 476 1
-528 -208 -519 3
-555 -552 635 1
-586 -349 670 1
-484 -322 736 4
494 103 -624 2
-446 -464 -487 3
420 163 -577 2
187 152 -332 2
-394 -249 -594 3
-288 -461 -477 3
450 -7 -286 2
-304 -354 787 4
202 162 -568 2
436 -3 -290 2
-522 -489 -523 3
-560 -415 -394 3
-393 -446 -672 3
218 54 -322 2
96 -223 42 2
332 -78 -172 2
-732 -115 -664 3
-695 -472 -540 3
-720 -340 -639 3
-322 -184 -565 3
-529 -532 672 1
-360 -363 654 1
-216 37 -482 3
-286 -488 -388 3
492 172 -458 2
-232 532 124 0
-391 -734 534 1
-470 -301 -622 3
-216 -467 593 1
-653 -477 -556 3
-490 -612 571 1
327 209 -417 2
318 168 -570 2
-489 -547 694 4
-679 -374 -611 3
-232 -735 766 4
-367 -717 691 4
461 -63 -286 2
-383 -394 479 1
-315 -313 513 1
457 -147 -292 2
-428 -708 861 4
-509 -301 659 1
398 225 -348 2
-221 -321 685 4
573 -92 -170 2
-598 -421 614 1
-393 -341 -454 3
-541 -403 447 1
375 -84 -197 2
270 -76 -397 2
-460 -289 -531 3
-329 -365 508 1
-586 -344 701 1
-636 -496 195 1
364 178 -378 2
168 -14 -212 2
-709 -382 -566 3
-701 -217 -696 3
-386 -162 -736 3
186 -159 -403 2
-450 -395 -458 3
-410 -461 -713 3
-396 -580 585 1
-599 -282 -347 3
-447 -695 881 4
-471 -641 526 1
-525 -499 665 1
435 190 -373 2
328 -55 -583 2
-314 -251 -394 3
-337 -652 831 4
118 165 -308 2
501 -91 -543 2
-461 -601 754 4
377 -95 -278 2
-695 -128 -652 3
-676 -225 -498 3
141 34 -560 2
-374 -357 -520 3
279 -100 -336 2
-573 -454 -466 3
196 91 -236 2
490 -106 -232 2
-574 -359 485 1
174 0 -393 2
309 101 -398 2
-344 211 -454 3
331 297 -320 2
448 -8 -547 2
-526 -506 -353 3
470 160 -355 2
-447 -276 862 4
-217 -720 570 1
-612 -251 -604 3
398 35 -226 2
-597 -71 -472 3
204 163 -542 2
-640 -534 552 1
-483 -622 618 1
-468 -305 887 4
-433 -464 826 4
-265 -517 711 4
-502 -374 543 1
-566 -665 853 4
526 -89 -228 2
-314 -476 670 4
-651 -477 603 1
197 -33 -491 2
-380 -279 -661 3
-543 -213 -700 3
146 101 -569 2
-618 -317 -769 3
-673 -174 -579 3
337 163 -193 2
333 27 -338 2
-540 -384 -652 3
-309 -147 -681 3
-601 -371 520 1
-574 -327 -339 3
-413 -83 -463 3
-717 -68 -718 3
211 129 -440 2
-432 -448 756 4
325 243 -351 2
-588 -158 -536 3
-344 -315 553 1
219 22 -379 2
224 114 -304 2
-557 -390 -623 3
220 -106 -610 2
